Date,Close,High,Low,Open,Volume
2010-08-06,12.670272827148438,12.742674317113208,11.756202937475921,11.765253339494977,10678500
2010-08-09,12.670272827148438,12.670272827148438,12.398766808233631,12.670272827148438,1819500
2010-08-10,12.308263778686523,12.5254682203696,12.290162976999403,12.462117140652134,1579300
2010-08-11,11.5389986038208,12.109160991345561,11.267492581700363,11.991508352990243,2588200
2010-08-12,11.213191986083984,11.321794223194273,10.950736363960656,11.095539346774375,1780300
2010-08-13,10.86023235321045,11.339892373811002,10.724479794032808,11.086487193902334,957600
2010-08-16,10.66112995147705,11.068388572314513,10.579678054690781,10.670180354029723,551600
2010-08-17,11.05933952331543,11.13174102075989,10.63398007850878,10.73353192172143,1086700
2010-08-18,10.86023235321045,11.403244316108461,10.86023235321045,10.932633833184354,1010600
2010-08-19,10.45297622680664,10.950737163910562,10.235771736719304,10.814983710285535,746000
2010-08-20,10.090967178344727,10.407724351676782,9.982364940855016,10.362473203615936,450600
2010-08-23,9.937112808227539,10.40772332048218,9.466503159066674,10.208618806598004,761800
2010-08-24,9.665606498718262,10.226718366866828,9.502702746867698,9.738007974408807,746700
2010-08-25,9.728959083557129,10.07286657798901,9.258348555462828,9.502704221148823,1112200
2010-08-26,9.95521354675293,10.090966113516597,9.774209836703449,9.9009120021912,581400
2010-08-27,10.054766654968262,10.398674179507951,9.946164415075815,10.090967401599077,370900
2010-08-30,10.045716285705566,10.199569661949429,9.964264396741898,9.964264396741898,226900
2010-08-31,10.027613639831543,10.163366187764828,9.837559554868754,9.964262565875163,236000
2010-09-01,10.615880012512207,10.814984575908738,9.738011579038481,10.027617589001444,412800
2010-09-02,10.74258041381836,10.778781156101314,10.027615106409694,10.027615106409694,98500
2010-09-03,10.760683059692383,11.14984089011911,10.480126611622952,10.769732599492874,231400
2010-09-07,10.887384414672852,11.186040782582277,10.661129538190325,10.860234071161228,468400
2010-09-08,11.005040168762207,11.023140978288918,10.335325751967755,10.398676859123036,1483700
2010-09-09,10.769731521606445,11.43039619417962,10.416774474989094,11.050287941596443,235600
2010-09-10,10.842132568359375,10.97788600336062,10.688280056308049,10.842132568359375,362900
2010-09-13,10.80593490600586,11.077440990327364,10.715433453294725,10.941688379713638,303900
2010-09-14,11.077438354492188,11.086488756538007,10.72448130564369,10.72448130564369,250600
2010-09-15,11.285591125488281,11.692849645549572,11.176988911011515,11.330842263960353,561100
2010-09-16,10.878334999084473,11.439446995561099,10.869284596779881,11.276543206453931,323300
2010-09-17,10.932634353637695,11.086487721679937,10.697329100973821,10.8692832714181,252300
2010-09-20,11.484697341918945,11.738103429230732,10.950736549518954,11.050288386116808,404100
2010-09-21,11.321792602539062,11.62949932851854,11.186039178263199,11.412294022295903,178800
2010-09-22,11.023138046264648,11.403246314280247,10.869284658587198,11.22224171953463,184600
2010-09-23,10.86023235321045,11.30369163382405,10.76068053401976,10.86023235321045,320800
2010-09-24,11.05933952331543,11.195092115250311,10.697331172999199,10.95073727714874,146900
2010-09-27,11.086487770080566,11.213190798166671,10.878333720111,11.014086286343868,186600
2010-09-28,11.412293434143066,11.421343834580442,10.959783769398546,11.050286047584926,168800
2010-09-29,11.357994079589844,11.656650424032417,11.30369253373947,11.430395565327814,238500
2010-09-30,11.213191986083984,11.720002425931998,11.095539346774375,11.42134605810524,196800
2010-10-01,11.186039924621582,11.557098618591848,11.095538498826278,11.285592615018349,170500
2010-10-04,11.176990509033203,11.502797199045462,11.086488219149564,11.204140850760774,140700
2010-10-05,11.176990509033203,11.484696395831213,11.059337877421992,11.249391995702593,256900
2010-10-06,11.285591125488281,11.303691063020903,10.977884419590607,11.149837710072065,90400
2010-10-07,10.724480628967285,11.31274291532676,10.50727530904173,11.31274291532676,252800
2010-10-08,10.842132568359375,10.959785200122933,10.606828167926063,10.679229654689205,251900
2010-10-11,10.905486106872559,10.995987546976814,10.778783055013887,10.814983803674375,63700
2010-10-12,11.13174057006836,11.13174057006836,10.7787826369964,10.869284936684767,59600
2010-10-13,10.923583984375,11.158889237726857,10.878333704425136,11.140789298365666,222000
2010-10-14,10.995985984802246,11.068387471837308,10.860233412384957,10.923584497767184,223700
2010-10-15,10.80593490600586,11.176993710331876,10.733533398599333,11.176993710331876,396200
2010-10-18,11.077438354492188,11.122689501627438,10.543476717102688,10.824033138866167,53500
2010-10-19,10.959783554077148,11.086486568430072,10.869282140762495,10.914533278966658,130100
2010-10-20,11.041238784790039,11.267493681458253,10.425826052756374,11.014088438856156,124800
2010-10-21,11.086487770080566,11.222240336313433,10.95978474199446,10.95978474199446,58800
2010-10-22,11.158890724182129,11.412295950650822,11.023138140061656,11.041238081833908,94200
2010-10-25,11.195090293884277,11.394194811010541,11.041236921072228,11.041236921072228,128300
2010-10-26,11.113639831542969,11.303693971553201,10.778782701638061,11.086489486711192,186100
2010-10-27,11.557097434997559,11.58424777364623,11.113637300569511,11.113637300569511,263800
2010-10-28,11.937204360961914,12.082008176067932,11.403243691189816,11.602347318659952,409900
2010-10-29,11.937204360961914,12.19061039007719,11.656648857211417,11.91005402323302,434600
2010-11-01,11.484697341918945,12.217763533702392,11.367045563709604,12.009609458154003,432100
2010-11-02,12.00960922241211,12.154412204837087,11.285593447193365,11.674751246687029,300900
2010-11-03,12.344466209411621,12.489269190362915,11.864805256143153,11.955307550784635,359900
2010-11-04,12.643121719360352,12.670272060681265,12.244912685549275,12.434966800983247,274600
2010-11-05,12.643121719360352,12.670272060681265,12.344465375548939,12.579769772153169,175600
2010-11-08,12.462119102478027,12.67027317608581,12.317315255466772,12.67027317608581,179900
2010-11-09,12.335415840148926,12.625021802822053,11.946257180486525,12.416867732924205,269800
2010-11-10,12.05486011505127,12.425917992001962,11.810505285659259,12.308266210168634,172300
2010-11-11,11.638547897338867,11.94625459769963,11.38514273478622,11.94625459769963,317200
2010-11-12,11.602351188659668,11.837656495713368,11.439448244855843,11.484698535132818,115700
2010-11-15,11.747151374816895,11.891955203533392,11.566147667788467,11.674749892005524,51800
2010-11-16,11.620451927185059,12.009610635564277,11.430397774615436,11.520899217733282,206500
2010-11-17,11.584249496459961,11.67475092644617,11.54804875184671,11.584249496459961,67600
2010-11-18,11.674752235412598,11.765254538639706,11.4122965917667,11.765254538639706,118700
2010-11-19,11.674752235412598,11.674752235412598,11.493748492052312,11.665702695565031,74300
2010-11-22,11.756202697753906,12.054859053542106,11.620450122611569,11.629500524446078,117700
2010-11-23,11.584249496459961,11.67475092644617,11.493747203379918,11.584249496459961,440000
2010-11-24,11.457545280456543,11.701900928786479,11.312742316895283,11.656649786900148,250000
2010-11-26,11.61139965057373,11.701901942183989,11.367044844176146,11.367044844176146,348500
2010-11-29,11.520898818969727,11.86480636233965,11.403247033298108,11.59330117928954,270100
2010-11-30,11.385146141052246,11.620451436797802,11.14079130554257,11.403246946768329,288700
2010-12-01,12.000560760498047,12.181564517794111,11.403247929874034,11.529950128434283,682100
2010-12-02,12.652170181274414,12.670270982677508,11.910054585621863,12.082008746576395,273800
2010-12-03,14.607014656066895,15.638738093668225,12.471168876821901,12.652172610131837,948600
2010-12-06,14.426010131835938,14.833268725228384,13.946350049089002,14.480311680398719,489300
2010-12-07,14.815166473388672,14.869467147223729,14.23595295646131,14.480308578000011,600800
2010-12-08,16.68856430053711,17.014370229451167,15.204330769884526,15.204330769884526,1371000
2010-12-09,17.313020706176758,18.48954698524575,16.996265290838522,16.996265290838522,1187500
2010-12-10,18.055147171020508,18.281402139448392,16.661415736934302,17.376382265736854,457800
2010-12-13,17.06866455078125,18.100386000425562,16.788107324919782,18.100386000425562,432800
2010-12-14,16.951017379760742,17.539279798331467,16.54375957899084,17.10487078703505,689900
2010-12-15,16.589008331298828,17.195371500631776,16.371803845801807,16.92386632530745,437000
2010-12-16,16.68856430053711,16.89671842410212,16.46230936809128,16.67046349165629,447800
2010-12-17,16.389904022216797,16.905764871250774,16.290351322863664,16.751911484153997,371100
2010-12-20,16.833364486694336,17.466877155229998,16.3356026833579,16.43515538926276,446700
2010-12-21,17.421628952026367,18.10039371639103,16.83336650148127,17.06867182693692,584100
2010-12-22,18.326642990112305,19.52126833105555,17.837931681805962,17.837931681805962,1489000
2010-12-23,18.181842803955078,18.281395506322458,17.720282628689663,18.281395506322458,466000
2010-12-27,18.28139877319336,18.353800280711056,17.82888891966073,18.100394141305067,98500
2010-12-28,18.362842559814453,18.83345128735255,18.10038613232581,18.51669418479938,137300
2010-12-29,18.742952346801758,18.742952346801758,18.471447196976886,18.661502182804412,139000
2010-12-30,18.73390007019043,18.896802093060177,18.66149859574144,18.761049544241732,76800
2010-12-31,18.942058563232422,19.095911948514868,18.480498407385088,18.643402194882704,94400
2011-01-03,19.394569396972656,19.47602129525762,18.679603117846355,19.186415312994548,256100
2011-01-04,19.919475555419922,20.589189648946466,19.159259184133063,19.819922877264837,952100
2011-01-05,21.159353256225586,21.358458633161177,19.620821279672427,19.792775452611107,846400
2011-01-06,21.032649993896484,21.539460358781803,20.59824110970907,21.47610927894457,453100
2011-01-07,20.7430477142334,21.11410558375296,20.525843233991786,21.11410558375296,300900
2011-01-10,21.195556640625,21.367510827996828,20.54394322569323,20.589193509965327,254100
2011-01-11,21.7204647064209,21.783815785624636,21.385606782674436,21.557560944932753,278200
2011-01-12,21.35845947265625,22.245378123831827,21.068853523389745,22.1729766365152,303000
2011-01-13,21.114103317260742,21.593764238505816,20.80639657173561,21.593764238505816,250500
2011-01-14,21.168399810791016,21.2046014095416,20.679690310968777,21.114099138852374,183200
2011-01-18,21.340364456176758,21.439917175553326,21.06885923666186,21.10505912704274,290500
2011-01-19,20.77924346923828,21.53041118766657,20.381036197675297,21.358457027653625,416400
2011-01-20,19.611774444580078,20.589195525766765,19.448870643350986,20.589195525766765,745900
2011-01-21,19.88327980041504,20.75209950572363,19.58462340431881,20.046183603047144,678800
2011-01-24,20.498687744140625,20.598240424106976,19.910425517276746,19.964726194445937,486900
2011-01-25,21.973873138427734,23.69340976939698,20.498690450069486,20.498690450069486,1725100
2011-01-26,23.521461486816406,23.94682011880004,21.720472514621598,22.363035664608883,1558000
2011-01-27,23.6029052734375,24.290720206818055,23.07799410404016,23.856311320321115,719400
2011-01-28,22.236331939697266,23.575760572197396,21.94672593550134,23.53051028136226,1013900
2011-01-31,23.29520606994629,23.38570838207235,22.272534603629456,22.453537501693553,668400
2011-02-01,24.643678665161133,24.77038255917149,23.367601406927857,23.96491409264609,875000
2011-02-02,24.607479095458984,25.005686406827365,23.55765668151035,24.869933835852347,624700
2011-02-03,24.616527557373047,25.566797205509936,24.426472592033193,25.114287520456664,487300
2011-02-04,24.752281188964844,24.960435238813556,24.526026336645582,24.924235360059992,182800
2011-02-07,23.811058044433594,24.52602414236633,23.66625508999941,24.37217078750659,1620600
2011-02-08,23.874408721923828,24.118764350764916,23.639105219544284,23.910610323020588,707600
2011-02-09,24.01921844482422,24.408375381224026,23.35855289554908,23.80201224499904,349600
2011-02-10,23.684362411499023,24.616533197723175,23.4400067112964,24.489829283069305,585400
2011-02-11,22.869842529296875,24.09161916481007,22.806491442287424,23.630059025785634,1321800
2011-02-14,23.023698806762695,23.485259003879662,22.625489704628627,23.485259003879662,1661400
2011-02-15,22.634540557861328,23.7024639693512,21.901475160183058,22.37208404349711,1819600
2011-02-16,24.37217903137207,25.159545146660335,22.99654877275437,23.050849467487502,3625200
2011-02-17,24.716079711914062,25.023786450755452,24.164019043206014,24.707029310631956,1294100
2011-02-18,26.517066955566406,27.820295336861342,24.806580891870688,24.996635857941026,2766000
2011-02-22,26.652822494506836,28.761517664963378,25.61204878504622,26.136959977334488,2040900
2011-02-23,25.71160316467285,27.232036159928345,25.168591134054793,27.0600819762253,1330900
2011-02-24,26.354167938232422,26.508021318419377,25.431047657110707,25.675403330264277,901800
2011-02-25,27.648345947265625,27.883651232176163,26.562323547125946,26.73427774113514,1150600
2011-02-28,28.915372848510742,29.286430694290367,27.60309392238148,28.46286311207826,2340300
2011-03-01,27.132478713989258,30.653003305338014,26.99672616165364,29.060170826192007,2069000
2011-03-02,26.471818923950195,27.793146492951674,26.25461446299876,27.15058351174379,1435900
2011-03-03,28.209461212158203,28.6800718219652,26.67092719016914,27.63929961941397,1790900
2011-03-04,27.829345703125,28.752465877318528,27.503538176659646,28.508110232469512,1226700
2011-03-07,26.39036750793457,28.698166457287204,25.485348041335477,28.698166457287204,2471600
2011-03-08,25.983104705810547,26.960527260795505,25.71159959132856,26.254611546479953,1274200
2011-03-09,25.14144515991211,26.833830848645228,24.96044054907349,26.517073642771592,1095000
2011-03-10,23.992067337036133,24.83373575471244,22.91509364040393,23.83821395180296,1860000
2011-03-11,24.851835250854492,25.00568863867484,23.64815935538508,23.693411367207386,774500
2011-03-14,23.37665367126465,24.209271682282235,22.50783577777901,23.96491600241901,1910100
2011-03-15,23.783910751342773,23.93776412031743,22.010071807506307,22.625485283404927,1323800
2011-03-16,23.4762020111084,24.544125101591966,22.978440341615055,23.774858322329447,1121800
2011-03-17,24.3812255859375,25.29529547955482,23.639109879048984,24.06446841865424,1765700
2011-03-18,24.93328285217285,25.159537693757677,24.688928935163702,25.105237015109804,1128800
2011-03-21,25.20478630065918,25.639195123666976,24.987581889155283,25.322438042903585,1071800
2011-03-22,24.634632110595703,25.277196903868656,24.45362923203932,24.987590917228164,812100
2011-03-23,24.498878479003906,24.851835544448928,23.91061612786628,24.571279972587185,802200
2011-03-24,25.612049102783203,25.70255139075308,24.779431160597976,25.521548541000897,1300600
2011-03-25,25.231945037841797,25.965012137794083,25.15954354075627,25.91070972033905,529900
2011-03-28,25.965007781982422,26.453717373778307,24.851832577527087,25.56679875172045,1904900
2011-03-29,28.31805992126465,28.67101696064398,25.75685317520391,25.75685317520391,3422600
2011-03-30,28.399507522583008,29.45838027136484,27.71169430949287,28.74341585531556,2708400
2011-03-31,27.123430252075195,28.155153521171073,26.987677690037902,27.756944509832532,15714900
2011-04-01,27.684545516967773,27.82029809120821,27.123432690269627,27.467341052945546,3383300
2011-04-04,28.173255920410156,28.290909420592488,27.213935745833016,27.947001048261647,1895600
2011-04-05,28.951574325561523,29.331682594163134,27.693597741322076,28.39046318812299,2591400
2011-04-06,30.1009464263916,30.54440749123543,29.005873682683315,29.57603692251814,4436300
2011-04-07,29.811344146728516,30.598713678247748,29.186881870494148,30.45391068148141,1527100
2011-04-08,29.521730422973633,31.49467289503769,29.123523149230145,31.14171589861451,7956600
2011-04-11,29.150676727294922,30.625859451676874,28.870121170816287,30.31815268927282,2965700
2011-04-12,28.073701858520508,29.069221805380284,27.87459648819856,28.77961587711653,1830300
2011-04-13,28.5443172454834,28.870123107506036,28.1008561498913,28.698168910818556,994100
2011-04-14,29.14162826538086,29.295479921524343,27.92890201081461,28.444762843869807,942300
2011-04-15,29.268329620361328,29.766089635366992,29.023973950658487,29.223079337610862,999900
2011-04-18,28.725313186645508,29.042070295834645,27.874594537271435,28.5986110334448,886200
2011-04-19,28.46286964416504,28.96062977799918,28.146112410730563,28.95157937405099,555400
2011-04-20,30.372461318969727,30.39961080426551,28.471917943615605,29.23213460328204,1626700
2011-04-21,30.281951904296875,30.996918144073344,29.784191865451078,30.897365445829095,961500
2011-04-25,30.281951904296875,30.725412982191585,30.028547546857293,30.318153513181226,496000
2011-04-26,30.933568954467773,31.22317493857757,30.31815537514054,31.123622234219393,1177800
2011-04-27,30.245746612548828,31.223169219158134,29.757038761619192,31.223169219158134,986700
2011-04-28,29.928993225097656,30.66206022955066,29.277378110028316,30.52630592978613,857300
2011-04-29,30.22765350341797,31.96528933355731,29.811341898285182,30.164302412884275,1529800
2011-05-02,29.901840209960938,30.77065795905851,29.576032690955635,30.761609284586072,867600
2011-05-03,28.779621124267578,30.209553676605783,28.607668651877482,29.947097177398042,1849500
2011-05-04,28.788667678833008,29.27737727500891,27.56689109911189,29.14162643149138,2369600
2011-05-05,28.05560302734375,28.924420873168856,27.70264599325075,28.426660864771673,2143900
2011-05-06,27.96509552001953,28.906316403601316,27.874593246415543,28.29995341449809,1443800
2011-05-09,28.073701858520508,28.707214395050595,27.73884392509836,28.055601056457153,1134400
2011-05-10,27.259187698364258,28.182306262876576,27.051031904524912,28.064654489130582,1485200
2011-05-11,26.245561599731445,27.621191449588565,25.476294793812173,27.150580965239428,3538700
2011-05-12,27.005781173706055,27.15058415108349,25.793054943529313,26.00120900773592,1482600
2011-05-13,26.57137107849121,27.919849825160203,26.508019994435045,27.06913107566472,1539600
2011-05-16,25.0328426361084,26.924333786426324,24.878989231138444,26.81573067213485,2228700
2011-05-17,25.123342514038086,25.5215515930131,24.028267978403743,24.71608303256503,1689500
2011-05-18,25.992158889770508,26.56232212983584,25.150492221891614,25.15954089766234,1215700
2011-05-19,25.630149841308594,25.992157266092246,25.204791332961246,25.7206521290514,1521100
2011-05-20,26.11886215209961,26.743324336264838,25.648251618900712,25.720653106609188,1921800
2011-05-23,24.770381927490234,26.028358350757838,24.70702911900686,26.028358350757838,1526000
2011-05-24,24.62557601928711,25.114287303492613,23.575753697128,24.77038070534564,2827700
2011-05-25,24.634632110595703,24.72513441296782,24.164023245398827,24.58033141964757,1972600
2011-05-26,25.838300704956055,26.698069743089818,24.5260237363471,24.815629640421147,4410400
2011-05-27,25.68445587158203,26.65282830802393,25.6301551781047,26.155066484886667,1710200
2011-05-31,25.820205688476562,26.33606650195419,25.2590928665085,26.245564211160936,1216400
2011-06-01,24.526025772094727,25.811153372734008,24.444573889039685,25.57584812459583,1580900
2011-06-02,23.992067337036133,24.878986039586074,23.63911028169615,24.688932771691537,1488800
2011-06-03,24.164020538330078,24.36312420029309,23.231849862846694,23.557657424411303,2328500
2011-06-06,24.02826499938965,24.842783861352057,23.92871403662901,24.390274149678525,1773000
2011-06-07,24.055418014526367,24.51697816232437,23.973966122198032,24.19117059301103,934300
2011-06-08,23.032745361328125,23.94681347362142,22.851740783459352,23.94681347362142,1961900
2011-06-09,22.734086990356445,23.20469574374196,21.774765229799105,23.03274330889554,3590400
2011-06-10,22.028175354003906,22.92414447569251,21.94672345874242,22.42638442792809,1706900
2011-06-13,21.838123321533203,22.218231642302378,21.756673141400082,22.191082157653998,968600
2011-06-14,22.978445053100586,23.35855332042702,22.03722565021802,22.03722565021802,1508800
2011-06-15,21.729515075683594,22.534981754998807,21.620911992786485,22.200125557925322,1414600
2011-06-16,21.991971969604492,22.59833507084349,21.53041356862323,21.991971969604492,1098700
2011-06-17,20.498687744140625,22.534981262953018,20.218132231547834,22.381127905817475,2692800
2011-06-20,20.679697036743164,21.277009800897318,20.24528806757429,20.426290941634086,1561300
2011-06-21,21.30415916442871,21.548513109564407,20.761147136883825,20.815447821782016,791400
2011-06-22,20.996450424194336,21.394657710771952,20.933097617241657,21.204604468476383,887600
2011-06-23,21.186504364013672,21.267956249446982,20.245285070166307,20.67969397501894,1119900
2011-06-24,21.231760025024414,21.847173659289698,21.041706728306714,21.258911235778935,954400
2011-06-27,21.42180824279785,21.48515932157882,20.79734440332309,21.04170004392462,1017900
2011-06-28,22.788387298583984,22.987490932316437,21.458007761619154,21.693312997586997,1588500
2011-06-29,22.906047821044922,23.548612697173507,22.580241907157195,23.096102853151823,1338100
2011-06-30,24.191165924072266,24.381220878219995,22.779336273179613,22.860788149787588,1875300
2011-07-01,24.897085189819336,25.032837761608405,24.010166546197297,24.381224381308304,1778200
2011-07-05,24.35407066345215,24.851830617378923,24.0554143458586,24.806580340181007,928500
2011-07-06,23.892513275146484,24.308823122210132,23.53050583825698,24.308823122210132,727200
2011-07-07,24.01921844482422,24.50792807896159,23.774862764661677,24.200221309761584,1872600
2011-07-08,23.593852996826172,23.964910773650118,23.15039374467529,23.81105742280697,1045600
2011-07-11,22.634540557861328,23.1142015705677,22.37208404349711,23.023699264711492,1226100
2011-07-12,21.0054988861084,22.534982114714754,20.706842561108335,22.534982114714754,2453600
2011-07-13,20.598243713378906,21.295109132048925,20.40818872365632,21.295109132048925,2161300
2011-07-14,20.000930786132812,20.969301350293826,19.919478895111077,20.661594590031193,2118300
2011-07-15,19.629871368408203,20.16383295519821,19.457917198207813,20.16383295519821,2208100
2011-07-18,19.159257888793945,19.62986832038017,18.942053472566595,19.521265249172867,2250200
2011-07-19,20.000930786132812,20.28148634065898,19.457918754717127,19.457918754717127,2137400
2011-07-20,19.964731216430664,20.92405320279221,19.910430525602525,20.136685417938917,1918900
2011-07-21,19.657018661499023,20.35388393986563,19.222609809862956,20.136679514047596,2674600
2011-07-22,20.580150604248047,20.65255212116847,19.376474306578363,19.530327745807796,2874600
2011-07-25,19.74752426147461,20.489639939495635,19.611771688258894,20.200033989652077,1659100
2011-07-26,19.92852783203125,20.236234569673652,19.457917324320807,19.63892189688253,1757200
2011-07-27,18.570999145507812,19.81087479978698,18.362845090583217,19.620821547774327,3040300
2011-07-28,18.589101791381836,19.20451361571285,18.389996391985914,18.426198001398898,2055000
2011-07-29,17.901287078857422,18.136592365824615,15.37628173986114,16.290351680168694,12657200
2011-08-01,17.47592544555664,18.308543425250342,16.733809757909835,18.082288558226917,3352100
2011-08-02,17.00531578063965,17.503075772636063,16.932912569685566,17.17726822809292,4290800
2011-08-03,17.285873413085938,17.439726802632624,16.525656867818526,16.932914621662505,2373000
2011-08-04,15.466784477233887,17.07771992157942,15.439633268903158,16.98721761999815,3061700
2011-08-05,13.502890586853027,16.127446709553567,13.294735659552599,15.53918439818429,4395500
2011-08-08,12.697422981262207,13.240435011015567,11.95530728861393,12.2901643904941,6636700
2011-08-09,15.03237533569336,15.041425738370704,13.068481972498976,13.07753237517632,5025000
2011-08-10,14.797067642211914,15.412481114851007,14.317406735316732,15.186226263215312,4274200
2011-08-11,16.74285888671875,17.059616021704986,14.87851940753014,14.914719285883915,4311300
2011-08-12,16.29939842224121,17.086764276627683,16.217946544037453,16.951011721683884,1462900
2011-08-15,16.91481590270996,16.960066189814768,16.371803826513254,16.733811301915125,910000
2011-08-16,16.326549530029297,16.797158269388465,16.091244297256022,16.733807192524004,881200
2011-08-17,16.055049896240234,16.661413187907065,15.783544666139688,16.525660572856793,1048200
2011-08-18,15.08667278289795,15.819737980322447,14.607011901222076,15.729235699189037,1294800
2011-08-19,14.426010131835938,15.276728063298075,14.344559103632514,15.050473193291845,1076000
2011-08-22,14.579863548278809,15.44868137123347,14.480310858744915,15.104774747860809,792400
2011-08-23,15.303877830505371,15.349128109777856,14.435059176829855,14.887569737398485,1354900
2011-08-24,15.07762336730957,15.48488279592577,14.697515142663635,15.177176055679652,698100
2011-08-25,14.543663024902344,15.683987797034066,14.525562220696832,15.005223175016686,775000
2011-08-26,14.950920104980469,15.041422385391655,14.435058487586646,14.52555990490412,794500
2011-08-29,15.530132293701172,15.64778577878885,15.177175290813066,15.358178129597047,1023900
2011-08-30,15.150029182434082,15.521087111825683,15.005226172241654,15.475836818461065,868700
2011-08-31,14.742768287658691,15.638737373609953,14.444111062581097,15.186227629623193,955200
2011-09-01,14.959973335266113,15.457733382396045,14.49841317143528,14.733718454536552,1477900
2011-09-02,14.851369857788086,14.987122437558618,14.389809705618116,14.498412805147165,811400
2011-09-06,14.389810562133789,14.833269936413389,14.036853488484025,14.317409066867484,1119000
2011-09-07,15.819742202758789,15.901194104900386,14.959974617980013,15.050475197081433,1578600
2011-09-08,15.539178848266602,16.082190682585633,15.385325523979326,15.819734300959736,559900
2011-09-09,14.959973335266113,15.792591365398405,14.670365637934566,15.376281487238384,969500
2011-09-12,15.575382232666016,15.629684636687387,14.679413280562509,14.688463681232736,1001000
2011-09-13,16.389904022216797,16.543757409313574,15.493934906601824,15.566336398989263,1507100
2011-09-14,17.285873413085938,17.45782760756465,16.607108763824876,16.742861348439536,2050500
2011-09-15,18.362842559814453,18.552895785633954,17.64787647901766,17.865080905463092,2819100
2011-09-16,17.97368812561035,19.195463090272494,17.72933244220283,18.543849660706833,1638300
2011-09-19,16.923866271972656,17.684082831910352,16.344652586284823,17.675032429269688,1773100
2011-09-20,16.22699737548828,17.09581513115291,16.16364629657783,16.97816337406028,1208100
2011-09-21,15.493934631347656,16.62520900867133,15.466783424864312,16.37180292672325,1405600
2011-09-22,15.25862979888916,15.331031292102667,14.217856823530731,15.104776410036992,1936300
2011-09-23,15.222430229187012,15.421535656847622,14.959975428436197,15.00522572043834,1651300
2011-09-26,15.023321151733398,15.49393161537848,14.6703624409059,15.294826258966207,1538600
2011-09-27,15.647787094116211,15.955492118532906,15.267678856674873,15.267678856674873,1452400
2011-09-28,14.878519058227539,15.982642078002721,14.869468657304692,15.837839115612123,1392300
2011-09-29,13.566239356994629,15.638734421847014,13.285683852009377,15.249575839280856,2578700
2011-09-30,12.778873443603516,13.638641675362674,12.769823042730726,13.267583870515628,1464900
2011-10-03,12.380666732788086,12.769824521347523,12.127260657570508,12.670272689500939,2839900
2011-10-04,13.195183753967285,13.285686045864724,11.81955461354545,12.299214689176699,2454400
2011-10-05,13.520991325378418,13.683895116088214,12.815076337459095,13.240435755926965,1632100
2011-10-06,14.054953575134277,14.109255128688776,13.267586658704486,13.575293448294179,975800
2011-10-07,13.85584831237793,14.362658726646002,13.665794191253948,14.199754947655785,552100
2011-10-10,14.670365333557129,14.706566942292875,13.946350420719334,13.946350420719334,1076700
2011-10-11,14.534613609313965,14.733719016713161,14.30835958304538,14.570815220182116,1043200
2011-10-12,15.321980476379395,15.521084145798932,14.697516535389973,14.914721009171574,1161300
2011-10-13,15.530132293701172,15.801637414970875,14.86041816520677,14.987120324974303,1770500
2011-10-14,15.674932479858398,16.2631946225789,15.358175410335926,15.674932479858398,1942500
2011-10-17,14.969023704528809,15.892142303960938,14.887571809551305,15.683988228435206,1269400
2011-10-18,15.593485832214355,15.656836922086706,14.76991821149832,14.978072285703968,1209000
2011-10-19,14.896620750427246,15.72019011718875,14.797069775165085,15.629687818251332,830400
2011-10-20,14.398859977722168,15.068574194571141,14.145454761661933,14.842319321601043,976500
2011-10-21,14.462213516235352,14.778970737297865,14.217858660836434,14.661318942942751,1038800
2011-10-24,16.29035186767578,16.32655347817409,14.570815071325342,14.643216566134166,2109200
2011-10-25,15.964546203613281,16.724762853898486,15.76544250041973,16.607111057963206,1661100
2011-10-26,16.652355194091797,16.996263503416785,15.946441227075798,16.516602640910826,1622700
2011-10-27,17.79268455505371,18.17279284236788,17.150121490839762,17.60263127449054,1528300
2011-10-28,17.222518920898438,17.883182634759212,16.8967114012137,17.83793063136554,1381800
2011-10-31,16.263200759887695,17.26777301695672,16.145548977419736,17.240621808915893,1990600
2011-11-01,15.24052906036377,15.294829748963268,12.905578736332101,13.837748612833083,5252100
2011-11-02,15.620640754699707,15.837845282864993,14.788022533638708,15.168130889474995,3155800
2011-11-03,15.738288879394531,16.08219726320023,15.16812734207884,15.665887386938765,1839500
2011-11-04,16.036945343017578,16.480404702611963,15.46678380244987,15.765440176306813,2211700
2011-11-07,15.539178848266602,16.064089885331356,15.403426321233603,15.84688549684115,1568800
2011-11-08,15.24052906036377,15.783541124922063,14.93282228132033,15.70208922892893,1448100
2011-11-09,14.118303298950195,14.769916660001723,14.000650670764669,14.769916660001723,1745800
2011-11-10,14.109254837036133,14.607014896042582,13.801548053807052,14.435061562346629,1419500
2011-11-11,15.041421890258789,15.421530074523448,14.208803181927633,14.371706936067824,2139100
2011-11-14,14.959973335266113,15.385331889610097,14.887571842480163,15.05952430897945,721800
2011-11-15,15.828794479370117,15.93739760380892,14.923774771736458,14.932825175955367,1139800
2011-11-16,15.819742202758789,16.26320159986976,15.620638512072608,15.837843009054232,1450500
2011-11-17,14.987123489379883,16.082198058916763,14.88757251119495,15.828791959689658,1273400
2011-11-18,14.724668502807617,15.131926264872142,14.643216605157152,15.041425690760782,561300
2011-11-21,14.353608131408691,14.498411968055633,13.846797723972712,14.435060019805782,1068300
2011-11-22,14.082103729248047,14.389809632708436,13.756296158499396,14.208805906233547,1247300
2011-11-23,13.765345573425293,14.036851575213706,13.665793746776849,13.846797460271196,1022000
2011-11-25,13.575291633605957,13.937299065264597,13.548141292005008,13.729145007834328,717800
2011-11-28,14.054953575134277,14.561764910298583,13.919200985888901,14.027803229903986,1150500
2011-11-29,13.819645881652832,14.389807312336115,13.783444279101554,14.073051057855814,574600
2011-11-30,15.294831275939941,15.331032889412349,14.082105706715334,14.39886205675316,1976700
2011-12-01,15.466784477233887,15.575385858181148,15.005224292738461,15.29483027684826,803000
2011-12-02,15.855939865112305,16.254147147278108,15.620634620457531,15.63873542224347,1581600
2011-12-05,16.055049896240234,16.217953724775825,15.837845366922165,16.000749195457757,1384500
2011-12-06,16.000741958618164,16.172696113877176,15.548232295653566,15.991691558216388,1086700
2011-12-07,16.788110733032227,17.086767093621237,15.602535692656176,15.892141651265195,2033600
2011-12-08,16.109342575073242,16.90576051216972,16.045991501342513,16.489450743644902,1356100
2011-12-09,15.964546203613281,16.272253025213864,15.4667860825354,16.13650042184608,1528700
2011-12-12,15.014273643493652,15.693038268511673,14.84231945515653,15.611586375414493,1524700
2011-12-13,13.892050743103027,15.23147929226035,13.43954095815627,15.168128198557858,2828800
2011-12-14,13.701992988586426,14.027799637188032,13.330934337700816,13.982548497997719,2015300
2011-12-15,13.837747573852539,14.145454329792413,13.729145341713847,14.091152782176156,2073800
2011-12-16,13.85584831237793,14.407909872264819,13.756295619397768,13.991600886140567,958600
2011-12-19,12.959878921508789,14.000651860968008,12.91462863713157,13.937299909270969,1270300
2011-12-20,13.530043601989746,13.611495508627579,13.213287242179723,13.312839093018187,2008900
2011-12-21,13.358089447021484,13.575293942966399,13.050382646219214,13.502892444318094,1266300
2011-12-22,14.299306869506836,14.38980829277012,13.339985913878403,13.394287458311387,1869100
2011-12-23,14.317408561706543,14.444111605499067,14.118304888296127,14.33550936643142,648400
2011-12-27,14.281208038330078,14.480312577943083,14.163555395063023,14.21785694699162,803900
2011-12-28,13.701992988586426,14.398857424979951,13.638641048482512,14.217853731312392,805200
2011-12-29,13.946351051330566,14.254057834747114,13.575293175949632,13.665795475693521,756500
2011-12-30,13.910149574279785,13.973500662920564,13.674844297765675,13.882999231018573,797900
2012-01-03,14.489361763000488,14.64321514026135,14.14545426459937,14.281206838373631,885600
2012-01-04,14.634164810180664,14.634164810180664,14.226906223769747,14.353608396421158,629200
2012-01-05,14.932821273803711,14.932821273803711,14.317407757238747,14.435060392058157,802400
2012-01-06,15.294831275939941,15.349131969960611,14.371711709742826,14.89662215868317,1570600
2012-01-09,16.000741958618164,16.1636457134754,15.186224910519364,15.385328540796332,1448200
2012-01-10,15.783540725708008,16.290351167589336,15.502983434966586,16.163648988665933,1212800
2012-01-11,15.91024398803711,16.036946175588277,15.394383108792681,15.783541800485942,1548200
2012-01-12,15.928345680236816,16.29035318352194,15.747341065500287,15.864994582935413,1588300
2012-01-13,15.530132293701172,15.864990221042104,14.878518966941407,15.738286335087109,2204700
2012-01-17,15.55728530883789,15.928343156691522,15.41248233046514,15.647787601867776,934200
2012-01-18,17.177270889282227,17.846985158674975,15.855943156039514,15.874043961582302,3587900
2012-01-19,17.41257667541504,17.76553376254622,17.041518782228955,17.367326386465663,3272500
2012-01-20,18.60720443725586,18.670555539686447,17.141073498699715,17.19537419704192,2046600
2012-01-23,18.598146438598633,18.70674951712297,18.208989578839255,18.471444285476387,1392300
2012-01-24,19.684175491333008,19.765627390081825,18.326646147103144,18.507650750142258,1799500
2012-01-25,19.041610717773438,19.91042859137233,19.023509913859876,19.856127905819317,1607600
2012-01-26,19.27691650390625,19.6841760083472,19.068762413275483,19.638925719492818,2012700
2012-01-27,19.702272415161133,19.8199241756255,19.077808556513776,19.11401016046434,873100
2012-01-30,18.88775634765625,19.213562170098246,18.49859771483483,19.213562170098246,1267400
2012-01-31,19.21356201171875,19.711323732042786,19.02350876070985,19.086859844379482,1296700
2012-02-01,19.973777770996094,20.22718382301771,19.439816189863496,19.548419276783477,1255200
2012-02-02,19.964731216430664,20.408190598267453,19.86518023761038,20.218137317275044,1061200
2012-02-03,20.589189529418945,20.85164596078147,20.145730269773946,20.45343697666025,1697600
2012-02-06,19.675127029418945,20.525845985721585,19.62082633362584,20.390093383144823,1433500
2012-02-07,19.71132469177246,19.919478755732573,19.03256008879915,19.593671193925335,1215300
2012-02-08,19.80182647705078,20.082383773074966,19.66607389333559,19.874227970111402,733200
2012-02-09,19.901376724243164,19.97377820837942,19.421715812973247,19.7746745585516,1084100
2012-02-10,19.57556915283203,21.21365553398395,19.494118993716434,20.96929987807454,2873500
2012-02-13,20.47154426574707,20.516794555612808,19.647974835449762,20.04618394578232,1855200
2012-02-14,21.403705596923828,21.62996041660841,20.24528202489864,20.24528202489864,1786900
2012-02-15,22.580238342285156,22.661690239444823,21.177457011570255,21.61186597896329,2710300
2012-02-16,23.37665367126465,23.44905516238845,22.363031069343698,22.44448296263144,1955900
2012-02-17,22.96034812927246,23.376656318837263,22.50783832695181,23.376656318837263,1672000
2012-02-21,21.946725845336914,23.04179875997733,21.765721230364115,23.04179875997733,1213900
2012-02-22,21.403705596923828,21.901467235942274,20.924046483952377,21.747613889509267,1324500
2012-02-23,22.218229293823242,22.390183491901926,20.543944504877274,21.358461755805436,1926800
2012-02-24,22.607385635375977,22.896991585602752,22.21822699243839,22.57118575469144,2319300
2012-02-27,22.525938034057617,22.607389938837244,21.919574813024834,22.218231221820805,1587800
2012-02-28,22.706939697265625,22.806492395979248,22.372081718257448,22.408283327312482,1578800
2012-02-29,22.444486618041992,22.824594939895047,22.299683612211116,22.770294244255464,1444100
2012-03-01,21.98292350769043,22.978443532546518,21.919570695505154,22.534984204375366,1303400
2012-03-02,21.34940528869629,22.335876457488833,21.26795341412169,21.89241721046452,1194300
2012-03-05,20.860694885253906,21.403706828991915,20.58918977647859,21.394656428541087,1195700
2012-03-06,20.408187866210938,20.65254353150728,19.955678142115904,20.58919244632399,2308400
2012-03-07,21.240802764892578,21.87431697775457,20.408184923564963,20.534888801849778,2058700
2012-03-08,22.59833526611328,22.743138241434632,21.530413754665226,21.684265405529988,2723600
2012-03-09,23.204702377319336,23.295204684061208,22.625490376072026,22.770293376383854,1875100
2012-03-12,22.245380401611328,23.349503627791687,22.200130114725464,23.050847246256716,1418300
2012-03-13,22.507835388183594,22.806491749673206,22.33588120242058,22.679787847758927,1170600
2012-03-14,23.22279930114746,24.118768363094972,22.97844363165606,23.385703080808398,2904900
2012-03-15,23.18659782409668,23.584805117869795,22.978442049865826,23.2861487844462,988000
2012-03-16,23.77486801147461,23.89251981333878,22.9875001103624,23.177555145605247,1305000
2012-03-19,23.829164505004883,23.90156599941822,23.277102031235806,23.738662205441262,1223700
2012-03-20,23.4038028717041,23.68435840998761,23.132296008621214,23.53050503876358,810300
2012-03-21,23.575759887695312,23.883466689766465,23.09610060449279,23.36760579399656,771000
2012-03-22,23.77486801147461,23.838219114492862,22.9875001103624,23.430959557678253,1360200
2012-03-23,24.408370971679688,24.417421372219696,23.49430123138784,23.59385391114051,1352100
2012-03-26,24.317874908447266,24.824685348947895,24.055418422892117,24.679882365947716,1626900
2012-03-27,24.35407066345215,24.833731542212213,24.164017427795994,24.363121064129217,722700
2012-03-28,24.335975646972656,24.426477949069103,23.94681695628942,24.426477949069103,810200
2012-03-29,24.082565307617188,24.24546906580427,23.240897041108877,24.118765183776866,1084900
2012-03-30,24.082565307617188,24.4536231007378,23.548603756309493,24.200217062870408,1165200
2012-04-02,23.639110565185547,23.865365444642507,23.159449599309212,23.802012628396856,1052300
2012-04-03,22.987497329711914,23.630062138716,22.75219202825886,23.430956723385325,1923800
2012-04-04,23.0779972076416,23.25900179778446,21.90147255027613,22.896992617498743,1977600
2012-04-05,23.31329917907715,23.575753898767942,22.960342177146014,23.204696095151245,1542200
2012-04-09,22.770292282104492,23.21375166502148,22.335883302045545,23.07799907452654,1328000
2012-04-10,21.4580078125,23.376649580840187,21.37655765965204,22.62548359454867,2338200
2012-04-11,21.593767166137695,21.946724240721778,21.43086336981033,21.720469351642173,2403500
2012-04-12,22.444486618041992,22.498789039869564,21.629969278696304,21.666170893248022,1822700
2012-04-13,21.856220245361328,22.363030674274547,21.675217383843304,22.17297741075247,807500
2012-04-16,22.390180587768555,22.544033960580606,21.539461836561482,22.13677452484648,1104500
2012-04-17,22.589284896850586,23.059895430415214,22.571185819550124,22.62548650382677,1719500
2012-04-18,22.643585205078125,22.833638445495613,22.04627255492678,22.326828078194843,1127200
2012-04-19,21.801921844482422,22.933196320737476,21.765720232672088,22.607388719195907,1673800
2012-04-20,20.987398147583008,22.127722678009476,20.878795071557345,22.127722678009476,3032100
2012-04-23,21.204605102539062,21.286056987726315,20.417237454458128,20.824496880394396,1321900
2012-04-24,21.629968643188477,21.90147556578525,21.204610041831188,21.358463446779645,1439000
2012-04-25,21.78382110595703,22.39923469913338,21.46706390638828,22.163929400201962,2022300
2012-04-26,22.643585205078125,22.806488968971667,21.801916909086465,21.928619069364792,2077000
2012-04-27,23.820112228393555,24.145919790714718,23.105147743084803,23.34950168863802,2673700
2012-04-30,23.39475440979004,23.820112953172508,23.213749819395787,23.820112953172508,922900
2012-05-01,23.31329917907715,23.53955402158428,22.996542054329677,23.07799393572724,1058100
2012-05-02,23.530508041381836,23.548608846467967,22.806493099814432,22.98749597211239,1187700
2012-05-03,22.933198928833008,23.621014095760927,22.788395917499557,23.358557558851512,1109000
2012-05-04,22.05532455444336,23.123246045685278,21.964822265033003,22.906041586812975,884500
2012-05-07,21.666170120239258,21.94672571825338,21.4942159096296,21.88337462123612,656300
2012-05-08,21.810972213745117,21.865272905188885,20.815450330940813,21.693318701731123,1475600
2012-05-09,21.295106887817383,21.512311334475715,20.724943704925202,21.295106887817383,1674700
2012-05-10,21.295106887817383,21.539460811440822,20.96024895368527,21.503260933424848,1351600
2012-05-11,21.801921844482422,22.037227142686017,20.91500306938355,20.91500306938355,1296200
2012-05-14,21.177453994750977,21.684264384512204,20.978350344605953,21.557562218618784,1070800
2012-05-15,20.77019500732422,21.394657123015058,20.607291246296196,21.06885132714645,1374000
2012-05-16,19.466964721679688,20.978346972934393,19.367412049513657,20.978346972934393,2429400
2012-05-17,18.516698837280273,19.611773371050358,18.426198264829463,19.331217798839745,1956200
2012-05-18,17.783632278442383,18.66150227098719,17.71123078973445,18.543848772969515,2266900
2012-05-21,19.07781219482422,19.22261518586674,17.874136252915875,17.90128746105678,1885200
2012-05-22,19.123058319091797,19.439815440359336,18.923954681300383,19.16831032280855,968400
2012-05-23,19.738475799560547,19.756576604751526,18.70675407030386,18.833456254265126,1034300
2012-05-24,19.231666564941406,19.82897936486338,19.195464952248972,19.729426656147083,1775200
2012-05-25,19.765623092651367,19.84707497369096,19.231661528586212,19.36741408825639,1722200
2012-05-29,20.13668441772461,20.417239986953597,19.883278329467228,20.000931834303344,1533700
2012-05-30,19.485069274902344,19.87422618630718,19.40361738674636,19.87422618630718,924300
2012-05-31,19.10495948791504,19.593669050988648,18.770101560881994,19.593669050988648,1179800
2012-06-01,17.56642723083496,18.71580233644101,17.448775462899448,18.552898560693684,1964000
2012-06-04,17.023418426513672,17.973690055280045,16.806213926672537,17.702183135837686,1958200
2012-06-05,17.548330307006836,17.620731809323473,17.014368580101156,17.023418983664232,1666500
2012-06-06,18.263290405273438,18.399042959905263,17.711228060091646,17.919382092272933,2086200
2012-06-07,17.991785049438477,18.851554176458404,17.97368597320321,18.65245052837025,1755500
2012-06-08,18.326642990112305,18.49859716075945,17.810782204358407,18.00083545124141,1837100
2012-06-11,17.901287078857422,18.78820581160376,17.765532767239126,18.78820581160376,1535100
2012-06-12,18.31759262084961,18.408094906936878,17.810782235423442,18.00988588386541,1475000
2012-06-13,18.055147171020508,18.616258526056143,17.910344129321736,18.15469818332065,1218900
2012-06-14,18.263290405273438,18.371891758503942,17.48497322697614,18.037035572157933,1617100
2012-06-15,18.4623966217041,18.66150200748022,18.208992277898318,18.227091355178995,891700
2012-06-18,18.6614990234375,18.860602651188586,18.073235088096503,18.371891392816806,706000
2012-06-19,19.07781219482422,19.358367774195624,18.715804717217914,18.83345650011953,1005000
2012-06-20,19.52126693725586,19.62987001785451,18.86965363222616,19.005406188333925,1252800
2012-06-21,18.28139877319336,19.394572598598476,18.22709634791401,19.376471790172026,1266900
2012-06-22,19.295015335083008,19.457919120186226,18.34474555689783,18.462397331590324,1341800
2012-06-25,18.73390007019043,19.0235059679864,18.471443646445763,18.86060221892934,915400
2012-06-26,19.01445770263672,19.05970798192729,18.552897603885363,18.752001249426385,1132000
2012-06-27,19.30406379699707,19.385515681362303,18.90585477634344,19.16831123178419,856100
2012-06-28,19.439815521240234,19.50316660051983,18.996356240095604,19.22261108105842,861800
2012-06-29,21.023597717285156,21.901467534383517,20.19097990045271,20.3991356493013,2474500
2012-07-02,20.915000915527344,21.54851352127744,20.715895523450378,21.403710541323836,1217300
2012-07-03,21.331308364868164,21.45801053670315,20.887849037258093,20.94214972144628,555700
2012-07-05,20.942148208618164,21.349407626078868,20.37198675036068,21.304157346888793,1255600
2012-07-06,20.2181339263916,20.779244998613944,20.064280556358852,20.67969403648985,1555200
2012-07-09,20.028078079223633,20.40818628709957,19.792774559946242,20.35388560774229,1178700
2012-07-10,19.150209426879883,20.24528374480073,18.98730566667782,20.02807758040636,1460500
2012-07-11,18.9873046875,19.412664867466713,18.77010026049432,19.077806963632536,804200
2012-07-12,18.299489974975586,18.96015538852853,18.037035270567447,18.74294923332457,1488300
2012-07-13,18.444293975830078,18.54384665877379,17.79268065174952,18.507646781640823,1652000
2012-07-16,18.435245513916016,18.489546193335787,17.982735824313817,18.37189270737423,789200
2012-07-17,18.127538681030273,18.70675052795861,17.846981432260325,18.525745962699773,1002200
2012-07-18,19.78372573852539,19.910427909203925,18.046088324674635,18.100389008367205,1745900
2012-07-19,20.76114845275879,20.924052243966123,20.091434209274667,20.308638688821862,2241400
2012-07-20,20.28148651123047,20.797347341248184,20.03713083611018,20.743046655506234,1578200
2012-07-23,19.89232635498047,20.145732412959138,18.86060477283079,19.27691287573766,2456300
2012-07-24,20.47154426574707,20.56204484547855,18.163743232648287,20.18193654156745,4438200
2012-07-25,20.335786819458008,21.03265222392915,20.064281669600813,20.16383436343602,1629500
2012-07-26,20.869747161865234,21.032650932250192,19.7746745016803,20.815446480466093,2652100
2012-07-27,21.557565689086914,21.629967184994154,21.050755217736253,21.267959705457965,1638100
2012-07-30,20.92405128479004,22.001023230735438,20.679695609180506,21.55756388954833,1774000
2012-07-31,20.444395065307617,21.0145567141135,20.136688230654258,20.97835682390091,1648700
2012-08-01,19.964731216430664,20.697798310455816,19.774677935438255,20.697798310455816,1034300
2012-08-02,19.503171920776367,19.97378253264155,19.276917018093634,19.856130742769214,1107900
2012-08-03,20.181934356689453,20.543943541176215,19.629873630103816,20.000931490633796,1852700
2012-08-06,20.679697036743164,20.96025261355792,19.838028580111093,20.308639159804606,2686000
2012-08-07,21.955778121948242,22.381136759381153,20.969306511176438,21.258912538891447,4004300
2012-08-08,21.548513412475586,21.89242178276971,21.286058659955234,21.666166911961138,1404700
2012-08-09,21.47611427307129,21.693318765674448,21.26796018343341,21.485164676036568,1176700
2012-08-10,21.955778121948242,21.964828526087846,21.258912538891447,21.349414854099408,1021600
2012-08-13,21.7114200592041,22.163929860503533,21.17745835557574,22.100578764511678,979900
2012-08-14,22.209177017211914,22.444480543360328,21.729516111351632,21.820018397048152,1781900
2012-08-15,22.634540557861328,22.806494766369333,21.73857135487946,21.792872047918024,1976300
2012-08-16,23.29520606994629,23.39475878590376,22.553090217651025,22.96034975912429,2013900
2012-08-17,23.566707611083984,23.74771046771022,23.222799248975157,23.467154917917593,2135100
2012-08-20,22.589284896850586,23.46715487795915,22.353981356255904,23.39475339019441,2287700
2012-08-21,21.991971969604492,22.770289249872118,21.765717106846473,22.670736557878552,2476500
2012-08-22,21.47611427307129,21.693318765674448,20.987404596261143,21.693318765674448,3167000
2012-08-23,21.46706199645996,21.76571836349605,21.26795832716514,21.494213202986046,1334500
2012-08-24,21.48516082763672,21.684264478646075,21.204605290717275,21.512312031669268,976000
2012-08-27,22.182031631469727,22.26348353734075,21.394663783445807,21.711421003367796,1971400
2012-08-28,21.557565689086914,22.896994226464724,20.96025291630525,22.082476965961344,3750500
2012-08-29,21.277006149291992,21.693314241750862,21.023600097673004,21.394657910929826,1282300
2012-08-30,20.65254020690918,21.12315065849526,20.453436581786143,21.04169878317508,1700400
2012-08-31,21.105052947998047,21.26795672248797,20.797346202003215,20.96930037798564,1465900
2012-09-04,20.77924346923828,21.186502867640677,20.616341436064747,21.186502867640677,1362200
2012-09-05,21.023597717285156,21.34035481439733,20.797342894517506,21.34035481439733,1355400
2012-09-06,22.14582633972168,22.17297754589933,21.231756445993103,21.277008456289185,1696800
2012-09-07,22.462583541870117,22.6978888172115,21.774768519992474,22.037225001553598,1472500
2012-09-10,21.313207626342773,22.43543327756853,21.195555855878652,22.399231670541027,1708800
2012-09-11,22.326831817626953,22.3720821035373,21.394661082659155,21.46706257582836,2163500
2012-09-12,22.634540557861328,22.969396845485022,22.010076546260184,22.32683375366296,3810600
2012-09-13,23.91966438293457,23.946813861723584,21.83811860845876,21.883370616753137,4838500
2012-09-14,24.136869430541992,25.304343653896588,23.910614562136534,24.209270919384235,3655700
2012-09-17,23.95586395263672,24.073517446488335,23.40380326810733,23.983015157261153,1422500
2012-09-18,24.100669860839844,24.354075956308066,23.349503703266972,24.019219689419568,1492400
2012-09-19,23.820112228393555,24.1187685851254,23.675309250959184,23.946814402101715,986800
2012-09-20,23.385704040527344,23.747711495637052,22.99654537896402,23.70246121106873,1366600
2012-09-21,23.268051147460938,23.95586619325705,23.249952068872744,23.503356430984958,1022500
2012-09-24,23.005592346191406,23.15944570741493,22.44447957990932,22.743135901556453,1276300
2012-09-25,21.901472091674805,23.53050646409889,21.79286899462562,23.277100388442577,2184100
2012-09-26,21.503263473510742,22.109626606045907,21.01455211615955,22.037225115273994,2515400
2012-09-27,22.96034812927246,23.213752513811766,21.521366819797763,21.720470511391202,2333500
2012-09-28,22.634540557861328,23.05989915134123,22.272533060624397,22.625490154656916,1671300
2012-10-01,22.715988159179688,23.059894784888147,22.462582096003,22.77028884193627,1355000
2012-10-02,22.661691665649414,22.978447145441017,22.363033539809503,22.661691665649414,641000
2012-10-03,22.218229293823242,23.014647465628233,22.18202940938909,23.014647465628233,1171800
2012-10-04,22.218229293823242,22.47163538961352,22.073426303711027,22.47163538961352,1174600
2012-10-05,22.87889289855957,23.168498853725648,22.281580184482625,22.299679262039763,1235100
2012-10-08,22.652639389038086,23.041796335767195,22.39923329997442,22.797442375306535,756900
2012-10-09,22.136775970458984,22.625487325254575,22.064374480065677,22.625487325254575,1021200
2012-10-10,20.996450424194336,21.530411999483057,20.68874369517414,21.51231119749658,4578200
2012-10-11,20.54393768310547,21.53945747801003,20.480584885553828,21.53945747801003,3513700
2012-10-12,19.874225616455078,20.806396239630132,19.62987168518108,20.806396239630132,3517500
2012-10-15,20.76114845275879,20.896901036702314,20.00093191124973,20.00093191124973,2328300
2012-10-16,21.204605102539062,21.38560794925376,20.81544647913053,20.869747160526185,950100
2012-10-17,20.987398147583008,21.267953648550584,20.72494172079693,20.996448547767425,1012900
2012-10-18,20.996450424194336,21.35845783298648,20.498688726691082,20.72494357295961,1661600
2012-10-19,20.100481033325195,20.969300597643308,19.928528581729115,20.7701969412853,1551200
2012-10-22,19.657018661499023,20.335783139500627,19.36741276040831,20.24528259005028,1912100
2012-10-23,20.47154426574707,20.580145651900008,19.204515435251466,19.385520047090242,2040900
2012-10-24,18.942058563232422,20.788297460434038,18.616250988237194,20.4715420138417,5857400
2012-10-25,21.258901596069336,21.72951201195793,19.910423144770522,20.028074885649072,6119900
2012-10-26,21.738569259643555,21.801920349780538,20.869749623826756,20.869749623826756,2060900
2012-10-31,21.955778121948242,21.955778121948242,21.53041948451533,21.720472792882774,1789300
2012-11-01,23.70246124267578,23.87441370521487,21.394660476672005,21.49421317428032,3927600
2012-11-02,23.249950408935547,23.621008249411858,22.978443535243954,23.0055947404694,2082100
2012-11-05,23.367599487304688,23.630055929020024,22.49878173442791,22.643584693240708,1728400
2012-11-06,23.31329917907715,23.51240281905594,23.07799393572724,23.286147976548808,3191200
2012-11-07,22.996545791625977,23.25900228015749,22.670738213086928,22.987495389312368,2041400
2012-11-08,22.924144744873047,23.331404225962615,22.81554164118657,23.114199744777434,1328900
2012-11-09,22.652639389038086,22.788391972891286,22.39018289755917,22.453533988278146,2183400
2012-11-12,22.80649185180664,22.906042821957207,22.516884164839695,22.634537665273573,788800
2012-11-13,22.136775970458984,22.61643692318195,22.136775970458984,22.18202798082211,668300
2012-11-14,21.82906723022461,22.417329455715006,21.71141374941409,22.408279055176706,951500
2012-11-15,20.806392669677734,22.091520093448352,20.724940797832698,21.89241647682007,2461300
2012-11-16,20.53489112854004,20.99645124000409,20.4443888412787,20.99645124000409,1678400
2012-11-19,21.277006149291992,21.44896031739729,20.86069633064562,21.014549696595093,994200
2012-11-20,21.08694839477539,21.222702666831974,20.562037284876737,21.222702666831974,1086600
2012-11-21,21.1322021484375,21.33130578382819,20.66159167258233,21.1322021484375,851000
2012-11-23,21.7204647064209,21.82906778947548,21.16840234275272,21.16840234275272,570000
2012-11-26,21.702369689941406,21.8924247044018,21.331311790391197,21.41276369284738,628100
2012-11-27,21.61186981201172,22.109631685846185,21.43086690658945,21.765723231024104,807600
2012-11-28,21.892423629760742,22.064376103227186,21.123156658873572,21.26795965031259,944900
2012-11-29,22.59833526611328,22.715988762429145,22.028173766558915,22.25442863127198,724100
2012-11-30,22.154876708984375,22.70693915046551,22.028174532718285,22.553085768061965,581400
2012-12-03,22.019123077392578,22.36302970774456,21.928620787451234,22.36302970774456,701800
2012-12-04,21.838123321533203,22.218231642302378,21.74762273778796,22.073428636884405,488000
2012-12-05,22.163928985595703,22.191080194029535,21.720469604970102,21.991974784557097,545000
2012-12-06,21.7204647064209,22.1639239870345,21.58471214724326,22.15487358626433,803800
2012-12-07,21.095998764038086,21.720462545555236,20.99644781784497,21.539458000534033,1073500
2012-12-10,21.557565689086914,21.62091678223227,21.04170481497437,21.04170481497437,354900
2012-12-11,22.661691665649414,23.168502159503877,21.79287194999672,21.79287194999672,1738900
2012-12-12,22.734086990356445,23.014642507484098,22.571183230028314,22.616433507369493,886100
2012-12-13,22.616436004638672,22.90604195444985,22.453532226322977,22.589284799523515,759100
2012-12-14,22.172975540161133,22.59833404134079,22.172975540161133,22.462581475107925,772700
2012-12-17,22.978445053100586,23.023697064798817,22.17297823293723,22.236329323127013,846100
2012-12-18,23.521461486816406,23.711516518937138,22.978449328713253,23.005600540784233,1181500
2012-12-19,23.39475440979004,23.711511579886125,23.132297926337145,23.44905509643323,600800
2012-12-20,23.584800720214844,23.6029015191533,23.077990433248466,23.29519484194834,759800
2012-12-21,22.942241668701172,23.114195834536943,22.399229694505955,22.824588182428677,1099800
2012-12-24,22.987497329711914,23.31330493575274,22.734092948291615,22.734092948291615,257300
2012-12-26,23.023698806762695,23.503358083740583,22.942246905731,23.041797886623613,371400
2012-12-27,23.0146484375,23.17755223980236,22.679790429857608,23.17755223980236,597300
2012-12-28,22.951292037963867,23.304249043918958,22.743136268581722,22.842688952799815,370500
2012-12-31,23.820112228393555,23.983016009554134,22.896991952608698,23.07799653749549,791600
2013-01-02,25.186689376831055,25.340542741092328,24.435523357481888,24.52602564108043,1988600
2013-01-03,25.059988021850586,25.403894639165802,24.88803385009921,24.933284130260734,1502800
2013-01-04,24.74323272705078,25.141441781675958,24.462677171518063,24.969487597103413,939300
2013-01-07,24.56222915649414,24.915187942183195,24.335974277082993,24.58032996113209,1030400
2013-01-08,24.02826499938965,24.86993333929243,23.992065120073296,24.643678483455666,771500
2013-01-09,24.35407066345215,24.42647214268127,23.964912065275342,24.07351514721274,1197200
2013-01-10,25.621095657348633,25.80210020611166,24.58937421748638,24.6255740915266,2823800
2013-01-11,25.340545654296875,26.245565141950337,25.032838890399685,25.56680052621024,2932500
2013-01-14,25.67540168762207,25.80210385395668,25.11428888807763,25.4219956287653,1739900
2013-01-15,25.603004455566406,25.80210813947421,25.403899045470766,25.6573051464162,855800
2013-01-16,26.517066955566406,26.978627043237267,25.612047581981376,25.639198784616415,4426800
2013-01-17,27.132478713989258,27.22298099094212,26.24556019746339,26.55326690339071,3883500
2013-01-18,26.81572151184082,27.114377816385964,26.508016533201374,27.114377816385964,1623800
2013-01-22,26.43561363220215,27.060077449253637,26.39036335646557,27.04197664848406,1146100
2013-01-23,26.698074340820312,26.851927719628478,26.526120158343506,26.544220962012147,2899600
2013-01-24,26.707120895385742,27.078178686202296,26.46276525962243,26.806673575034658,1619000
2013-01-25,27.232036590576172,27.39494037495652,26.770476443561087,26.879079541877214,2469300
2013-01-28,27.603090286254883,27.711693368215073,27.25918369139122,27.286333167240702,3074700
2013-01-29,26.707120895385742,27.63024103525554,26.62566901679797,27.26823191878216,2344600
2013-01-30,27.132478713989258,27.566887571938167,26.616617979401507,26.75237053173712,2357200
2013-01-31,27.150583267211914,27.78409756725523,25.702551814389757,27.44923961410374,4760900
2013-02-01,27.83839988708496,28.309010439002325,27.376839737264586,27.422090021561846,1999100
2013-02-04,26.56232261657715,27.51259239918236,26.56232261657715,27.449241310500373,10692600
2013-02-05,26.987682342529297,27.19583642194998,26.70712676912804,26.960532861153943,3938100
2013-02-06,27.55784797668457,27.55784797668457,26.824780845427636,26.9333839587876,3758300
2013-02-07,27.58499526977539,27.62119688008314,26.969581704045936,27.557845788232367,2353200
2013-02-08,28.924427032470703,29.069230037609913,27.657399874408632,27.702651892382125,5382600
2013-02-11,29.060176849365234,29.277379597170977,28.336160209865994,28.490013594718157,2964000
2013-02-12,29.476486206054688,29.71179322029946,28.7977215495707,28.960625343316902,2328900
2013-02-13,29.67559051513672,29.82944217445629,29.214028632427116,29.45838431403065,2638300
2013-02-14,29.548887252807617,29.757041317864914,29.340729735375003,29.52173432093036,1096300
2013-02-15,29.186874389648438,29.63033539554386,28.824866990518196,29.539831388026997,1449300
2013-02-19,29.603193283081055,29.856601144339827,29.10543314318611,29.19593373139387,1958400
2013-02-20,28.526216506958008,29.657490939567182,28.46286541492194,29.60318852394673,1672900
2013-02-21,28.073701858520508,28.61671383710879,27.73884392509836,28.580512232982077,2331000
2013-02-22,28.55336570739746,28.779620591691224,28.010355366042656,28.010355366042656,1576000
2013-02-25,28.453813552856445,29.1778301883025,28.453813552856445,28.788669801068043,3137100
2013-02-26,28.38141441345215,28.71627068940802,27.784101632277167,28.671020401150585,1916500
2013-02-27,29.232131958007812,29.431237371828924,28.553367268027557,28.571468074045452,1614300
2013-02-28,29.250232696533203,29.85659761341848,29.23213189055707,29.268333502509332,1463800
2013-03-01,29.132579803466797,29.32263654407041,28.327112908464922,28.815824323087117,2050600
2013-03-04,28.743419647216797,28.915373836267687,28.33616018004041,28.815821138471744,2086100
2013-03-05,29.395030975341797,29.476482862977026,28.960622058745635,29.15067531243611,1940500
2013-03-06,29.132579803466797,29.630343347457444,29.051127901029762,29.42218580049273,962900
2013-03-07,28.98777961730957,29.747996296351815,28.933478919146,29.277385642432698,2129400
2013-03-08,28.44476318359375,28.598616567762438,28.01035423753665,28.354260888284927,7043300
2013-03-11,28.589567184448242,28.879173158806886,28.34521149626272,28.734370171627564,3618400
2013-03-12,28.3452091217041,28.53526410532287,28.155155864272956,28.417610609228483,2107900
2013-03-13,28.26375961303711,28.52621610628618,27.93795375482955,28.417613002758483,2242100
2013-03-14,28.5443172454834,28.752471326312154,28.19135844952617,28.309011956907845,2562800
2013-03-15,28.24566078186035,28.544318905884484,28.055607495140876,28.336163086759676,4057400
2013-03-18,26.897180557250977,27.901752815833404,26.661875265772757,27.747899422412562,6655800
2013-03-19,26.86097526550293,27.449237512686373,26.73427310566918,27.2139322685755,4176100
2013-03-20,27.10533332824707,27.27728578159154,26.806676977579556,27.04198051649174,2464300
2013-03-21,26.698074340820312,27.060081783254923,26.634723254167714,26.74332462380427,1348200
2013-03-22,27.07817840576172,27.575938346476367,26.888123448962798,27.295382837683785,2497100
2013-03-25,27.07817840576172,27.22298136037643,26.860973973839652,27.150579883069074,1708400
2013-03-26,27.014833450317383,27.186787645206582,26.851929657915804,27.132485230280874,1861900
2013-03-27,27.02387809753418,27.168681054121862,26.4537149455562,26.806673662652656,2362900
2013-03-28,27.413043975830078,27.440193458538243,27.014834876294294,27.15963787136406,1421300
2013-04-01,26.11886215209961,27.41304025530276,26.109811750362596,27.394939451828737,2737400
2013-04-02,25.72065544128418,26.544223086044024,25.458198945650402,26.381319292366204,2733500
2013-04-03,24.88804054260254,26.1098174235679,24.39932909974119,25.865461702137228,4541800
2013-04-04,25.521547317504883,25.62109827593049,24.88803305827383,24.942333737977567,4060000
2013-04-05,25.838300704956055,25.89260310661045,24.616526012917078,25.059985269303883,4015200
2013-04-08,26.15506362915039,26.164114031439766,25.458198188558114,25.928808750479217,2827200
2013-04-09,26.870031356811523,27.177738146876333,26.281768985048036,26.444671056681322,3129900
2013-04-10,27.150583267211914,27.394938930901844,26.553270573428257,26.851926920320086,2151900
2013-04-11,27.02387809753418,27.295383209589236,26.616618703264194,26.960527019800494,3039100
2013-04-12,26.372264862060547,26.933377651677535,26.15506041239228,26.67092119612785,2631300
2013-04-15,24.8337345123291,26.200314106635787,24.824684110569603,26.200314106635787,5464700
2013-04-16,25.85640525817871,25.91070594152669,24.89708513015559,25.29529416914518,4517400
2013-04-17,24.03731346130371,25.54869584539422,23.80200822307668,25.340541809104415,6311200
2013-04-18,23.005592346191406,24.51697475602688,22.960342068379322,24.51697475602688,5261000
2013-04-19,22.88794708251953,23.349505570967786,22.453536351799155,23.349505570967786,4981300
2013-04-22,23.322349548339844,23.56670519220166,22.31777749658846,22.842688661446736,6043100
2013-04-23,24.200220108032227,24.46267657951181,22.426382798317228,23.93776536274027,12805400
2013-04-24,24.57128143310547,24.66178373701097,23.747713747322333,24.263574635539474,4992600
2013-04-25,24.860891342163086,25.204799805958572,24.54413581786217,24.589386113851404,5739300
2013-04-26,24.73417854309082,24.98758458022991,24.471723831578373,24.589375586493457,3980200
2013-04-29,24.978538513183594,25.349596369612414,24.47172807716652,24.752283638473937,2224700
2013-04-30,24.93328285217285,25.12333781672158,24.824681494877108,24.897082975136755,2130600
2013-05-01,24.218320846557617,25.367695969813393,24.154969760835865,25.367695969813393,4159900
2013-05-02,24.652729034423828,24.797532004943015,24.308822410987652,24.308822410987652,2170000
2013-05-03,25.358652114868164,25.720659645441874,25.13239719248609,25.530604613023133,2753700
2013-05-06,25.530597686767578,26.127912107902453,25.367695636844537,25.39484511540458,2828600
2013-05-07,25.82925796508789,25.892609055385456,25.412948087694573,25.440099294759705,1979500
2013-05-08,26.281763076782227,26.372263631948705,25.71159991258373,25.82925339620006,3675600
2013-05-09,26.45372200012207,26.716178507795156,26.0555146264074,26.09171451211425,2872000
2013-05-10,27.349685668945312,27.503539036118667,26.308913703331434,26.35416570908096,4379400
2013-05-13,26.86097526550293,27.27728334849238,26.73427310566918,26.897175142803658,2213300
2013-05-14,27.367788314819336,27.44018980270824,26.553271144522284,26.74332440291029,2338100
2013-05-15,27.85650062561035,28.06465469478736,27.150584799398423,27.150584799398423,3019500
2013-05-16,27.304439544677734,28.055605692560057,27.277288337096046,27.729798106330886,2362500
2013-05-17,27.331588745117188,27.43113971323047,27.005781182814253,27.37683902824253,3177900
2013-05-20,27.304439544677734,27.684547819882514,27.060083855005857,27.3768410387078,1817600
2013-05-21,27.150583267211914,27.440189212538826,27.060080977750353,27.394938930901844,1488200
2013-05-22,26.471818923950195,27.277285682418558,26.218412856413046,27.105333229699262,2868200
2013-05-23,26.381311416625977,26.381311416625977,25.811150035154416,26.001203253582513,2455400
2013-05-24,26.833818435668945,26.933371098197206,26.14600364931945,26.372258445111243,2086200
2013-05-28,27.431142807006836,27.829351902934267,26.933382731738437,27.250139927903714,3057300
2013-05-29,27.675495147705078,27.947000296504903,27.204884612010257,27.50354096616512,3225000
2013-05-30,28.435710906982422,28.499061991666228,27.40398929656023,27.440189176584862,3419500
2013-05-31,27.91985511779785,28.417615209329437,27.874603101902675,28.390465725980235,2485200
2013-06-03,27.594043731689453,28.21850765607789,27.13248358985345,28.200406852197023,1973200
2013-06-04,28.46286964416504,28.797725959307847,27.702652974397516,27.847455985192468,3602700
2013-06-05,27.66645050048828,28.327114432522272,27.66645050048828,28.05560922724989,2425100
2013-06-06,27.241085052490234,27.811246531026484,26.89717670413895,27.53974139385447,1681600
2013-06-07,27.684545516967773,27.811247689433827,27.14153349381839,27.431139445848025,1294900
2013-06-10,27.675495147705078,28.109904076259852,27.50354096616512,27.84744932924504,1434300
2013-06-11,26.906227111816406,27.548791801681904,26.897176710416886,27.204883453250353,1367800
2013-06-12,26.58946990966797,27.10533243119168,26.38131585649506,27.09628202981187,2464600
2013-06-13,27.431142807006836,27.476394821423504,26.3722698362867,26.41752185070337,1254000
2013-06-14,27.69359588623047,27.793146853256513,27.213934949877224,27.304437241327147,2630300
2013-06-17,28.25470733642578,28.381411236501787,27.937951901704903,28.0465532718413,2022500
2013-06-18,28.96967315673828,29.005874765909184,28.309011051246625,28.526215527708846,1708900
2013-06-19,28.634817123413086,28.9606247037099,28.508114942714432,28.870122406273257,1837000
2013-06-20,27.648345947265625,28.381413009321143,27.322540090317602,28.137057321969305,4552100
2013-06-21,27.96509552001953,27.983196319977786,27.422083604582905,27.802191772769813,4313000
2013-06-24,26.381311416625977,27.684539650801753,26.27271007072057,27.51258550589971,6872600
2013-06-25,27.060087203979492,27.09628881856875,26.607577378741748,26.652829396978316,2158100
2013-06-26,27.304439544677734,27.440192130210633,27.005783166030252,27.35874023365334,1247900
2013-06-27,28.164207458496094,28.354260723974345,27.530693121193206,27.69359690656753,1860200
2013-06-28,28.073701858520508,28.4809595478211,27.892697290261918,27.956048371296177,2502800
2013-07-01,28.218509674072266,28.57146674405183,28.037505074694764,28.453814962787906,1038100
2013-07-02,28.372360229492188,28.8067691531479,28.064653477022485,28.064653477022485,1156300
2013-07-03,28.634817123413086,28.6619683305004,28.155157881518047,28.218508971867372,538900
2013-07-05,29.277374267578125,29.322627996477234,28.680063367470144,28.861066199754788,1101700
2013-07-08,28.4085636138916,29.48553910655517,28.30901263547601,29.40408720755016,2588500
2013-07-09,28.661970138549805,28.960626530599093,28.480965532258416,28.580518238337465,1107800
2013-07-10,28.643869400024414,28.897275504190535,28.544318419899177,28.698170091564347,1469600
2013-07-11,29.096378326416016,29.413133770688653,28.607666967502166,28.924422411774803,1695700
2013-07-12,29.44028663635254,29.44933876573006,28.95157694742857,29.096381672274532,1788300
2013-07-15,29.738941192626953,29.802292281160515,29.40408494575307,29.494585514408048,900300
2013-07-16,30.146196365356445,30.155245039983807,29.666533753108492,29.666533753108492,1336400
2013-07-17,30.47200584411621,30.716361530909122,30.146201714101185,30.191452000016422,1547000
2013-07-18,29.947097778320312,30.59871297498027,29.901847490191305,30.336256470506044,2702900
2013-07-19,29.585084915161133,29.847541387225373,29.43123326404605,29.820391908175715,2970900
2013-07-22,29.82944107055664,29.99234485226374,29.33168104972953,29.57603672229018,1462400
2013-07-23,30.662065505981445,30.91546989328164,30.04665189193025,30.209555698730615,2733600
2013-07-24,30.336259841918945,31.123625990469677,30.309110356499424,30.680168284195844,2159400
2013-07-25,30.09189796447754,30.580609316380496,29.648436896482185,29.648436896482185,3188700
2013-07-26,30.10999870300293,30.200499270621222,29.747989527779055,29.892792507393533,1569300
2013-07-29,29.992341995239258,30.245746319366813,29.766087148018233,29.766087148018233,1244800
2013-07-30,29.983299255371094,30.082851960234077,29.75704436336456,29.956146320714854,1779000
2013-07-31,29.548887252807617,30.49915701150408,29.539835124723425,30.10094623280724,2671300
2013-08-01,31.521833419799805,31.639483478710197,29.494588054979097,29.820395654001683,5149800
2013-08-02,32.37255096435547,32.51735395983638,31.015021587081062,31.503732991470027,3034400
2013-08-05,32.38159942626953,32.825060538948286,32.10104556634842,32.43590184385541,2028700
2013-08-06,31.802383422851562,32.44494641392903,31.748084464514204,32.44494641392903,1640000
2013-08-07,31.920042037963867,31.93814284443705,31.26842681443273,31.53993200677876,1976000
2013-08-08,32.20059585571289,32.580702393159534,31.974340977982617,32.137241313763,4972000
2013-08-09,31.83858871459961,32.517353391370705,31.784286297602677,32.30919930477931,1870700
2013-08-12,32.52640151977539,32.52640151977539,31.675684382083237,32.309198760200026,1684600
2013-08-13,32.399696350097656,32.77075419486954,32.10104172009848,32.580700934654125,1635100
2013-08-14,32.58974075317383,33.13275435926468,32.12818246775225,32.32728780188966,1941800
2013-08-15,31.58517837524414,32.49019777336145,31.548976770749444,32.40874588943589,1569100
2013-08-16,32.073890686035156,32.36349665751004,31.404178171640304,31.404178171640304,3148400
2013-08-19,32.02864074707031,32.553553733786195,31.98339046085787,32.272996435468166,1986900
2013-08-20,32.15535354614258,32.44495961637206,31.865747475913096,32.128204055926275,1407100
2013-08-21,31.476577758789062,31.992438608309865,31.367976383199284,31.992438608309865,1968000
2013-08-22,32.64406204223633,32.92461940704114,31.729993615576056,31.80239340019824,1626800
2013-08-23,32.71645736694336,32.997011211521446,32.38159765537358,32.698356562071304,1639400
2013-08-26,32.852203369140625,33.09655902023268,32.426846600832235,32.70740040394256,1722300
2013-08-27,32.10103988647461,32.58069907363193,31.702829132721263,32.282041008316924,2049100
2013-08-28,33.70292663574219,33.766277722553475,31.684730176324468,31.947186651614253,3395000
2013-08-29,34.32738494873047,34.46313923505563,33.39521610324745,33.902024740461556,3170000
2013-08-30,33.63957977294922,35.13286362254771,33.38617536787839,34.897560025321376,1538700
2013-09-03,34.31834411621094,34.60795358584291,34.073991844206795,34.490300062465174,1314900
2013-09-04,35.1057014465332,35.23240360326678,34.11923021605409,34.20973077018527,1971800
2013-09-05,35.286712646484375,35.6939686690761,34.93375213326246,35.00615535209018,1270100
2013-09-06,34.46314239501953,35.71206675327664,34.20973460080232,35.71206675327664,2470900
2013-09-09,34.852294921875,35.114751371526964,34.61699140132925,34.81609677035832,2365600
2013-09-10,35.39531707763672,35.431518690175466,34.9790088905685,35.060460792592785,1671800
2013-09-11,35.12380599975586,35.368161664861894,34.85229740361013,35.29575845192297,947000
2013-09-12,34.408843994140625,35.26861326433334,34.3092912904248,35.12381027321277,2755200
2013-09-13,34.07398986816406,34.11924015841561,33.57622631826956,33.71198064140003,8189200
2013-09-16,34.15544128417969,34.46314808682548,34.019686962986384,34.23689318642051,4006400
2013-09-17,34.20069122314453,34.46314773349366,34.13734012787071,34.31834128443834,1679200
2013-09-18,34.10113525390625,34.390741219565186,33.70292791421907,34.35453961076396,3595500
2013-09-19,34.0106315612793,34.3092861755271,33.96537782824544,34.10113212259679,1790600
2013-09-20,34.46314239501953,34.70749460900988,34.18258512199789,34.20068592532592,4765900
2013-09-23,33.503822326660156,34.4812415920777,33.33186986440047,34.35453941437315,2360200
2013-09-24,33.89297866821289,34.110181400160684,33.42236814582577,33.60337272403238,1608800
2013-09-25,33.62147903442383,34.30024372460163,33.612426905224375,34.06493669867624,1358600
2013-09-26,33.75722885131836,34.18258914869634,33.57622424909099,33.74818017477603,956400
2013-09-27,33.6848258972168,33.79342726733556,33.521922115851,33.75722565983753,835700
2013-09-30,33.67577362060547,33.8205765975835,33.223263886002194,33.223263886002194,1283200
2013-10-01,34.282135009765625,34.30023581161297,33.883924273873845,33.92917800467969,1042300
2013-10-02,34.22783660888672,34.39978906799258,33.76627819108922,34.03778334581571,2150500
2013-10-03,34.2640380859375,34.45409134828255,33.874879433111715,34.336437849146186,1844000
2013-10-04,34.99709701538086,35.02424994381232,34.30928382040678,34.84324538122707,3103300
2013-10-07,34.30024337768555,34.897556160905694,34.25498963689746,34.66224913736023,2078400
2013-10-08,33.10561752319336,34.51744584267901,32.96081107773259,34.12828715144241,5057200
2013-10-09,33.15086364746094,33.43141746936439,32.60784990231268,32.653103637023136,3782200
2013-10-10,33.78438186645508,34.18258923040666,33.51287323627719,33.57622432935185,3014600
2013-10-11,34.553646087646484,34.798001776135145,33.81153034588487,34.0196844244399,2974000
2013-10-14,34.607948303222656,34.83420318544139,34.09208399557846,34.47219399294121,1170800
2013-10-15,33.91108703613281,34.84325616113802,33.883934099300696,34.61700125100076,1385500
2013-10-16,34.345497131347656,34.5445991109254,33.59432914888635,33.59432914888635,1635700
2013-10-17,33.956321716308594,34.32737946024533,33.53096157604904,33.648615041894644,2442300
2013-10-18,34.30927658081055,34.83418935630849,33.80246460298916,34.83418935630849,2602800
2013-10-21,34.65319061279297,34.83419516737981,34.481234732366836,34.7708406387559,1388500
2013-10-22,33.74818420410156,34.68035335616067,33.62148200312763,34.526501669942625,3136100
2013-10-23,32.607845306396484,33.485715159944135,31.75712838032309,33.485715159944135,7029600
2013-10-24,35.8206787109375,37.12390573886205,35.06951075883365,35.42246786312306,12316400
2013-10-25,36.110294342041016,36.41800123719801,35.62158278166634,35.66683308487655,4581700
2013-10-28,37.1239013671875,37.37730572968264,36.01977644081493,36.065026726635416,4288600
2013-10-29,37.983673095703125,38.23707747479955,37.01530241572666,37.1058029932966,5723300
2013-10-30,37.36825180053711,38.50857472384324,37.33205019601945,37.992713942779154,3292500
2013-10-31,38.13751983642578,38.58098089487563,37.11484687072533,37.21439956460439,3062500
2013-11-01,38.17372131347656,38.46332726611375,37.766461863713246,38.01986620917696,2302900
2013-11-04,38.445228576660156,38.69863293605878,37.051497695216796,37.06959849979891,2714800
2013-11-05,38.40902328491211,38.752931634248014,38.02891678225806,38.191820555502694,2044000
2013-11-06,38.09226608276367,38.70767954123865,38.02891500195375,38.3818720100019,1736200
2013-11-07,36.85239791870117,38.463331645198686,36.743793084816005,37.866018868332986,2691800
2013-11-08,37.63976287841797,37.74836425675975,36.662340116215205,36.74379201306544,1800500
2013-11-11,37.41350555419922,37.80266420796362,37.1962993592986,37.42255422998138,1765400
2013-11-12,37.304901123046875,37.63975733752611,36.915742501202736,37.17819895823717,1037600
2013-11-13,37.72121047973633,37.730259155077896,36.94289321010462,37.02434509767946,1001400
2013-11-14,37.58546829223633,38.66244398074647,37.1691600448948,38.66244398074647,1095000
2013-11-15,37.99271774291992,38.001769871142265,37.43160662627233,37.96556826300362,1204300
2013-11-18,37.2596549987793,38.20992833363876,37.16915442040019,37.83887043848319,1779400
2013-11-19,36.49038314819336,37.44065285939498,36.46323367004836,37.07864715875277,1807300
2013-11-20,36.60803985595703,36.852395537848516,36.36368417406555,36.58088692305212,1365000
2013-11-21,37.105796813964844,37.20534950413843,36.67138789969613,36.87049328004331,1550100
2013-11-22,37.160091400146484,37.40444701030255,36.74377992411702,37.10578900265366,876500
2013-11-25,36.60803985595703,37.40445799111719,36.41798658749991,37.24155420318954,1933900
2013-11-26,38.445228576660156,38.780084830490544,36.90669471093537,37.73931445983515,3862300
2013-11-27,38.01081848144531,39.0877904288978,37.83886602164629,39.0877904288978,2455000
2013-11-29,38.46333312988281,38.71673751397825,37.87506900694605,37.911270619638486,948300
2013-12-02,38.71672821044922,39.015386264831356,37.94746311365429,38.372823329637946,3400300
2013-12-03,38.85248565673828,39.05159104250746,38.14657158337519,38.55382757808451,1922400
2013-12-04,39.32310485839844,39.703211457886894,38.49048497721379,38.71673989187387,2060900
2013-12-05,39.694156646728516,39.73940693219317,38.86153689420187,38.924887984327476,1434600
2013-12-06,40.02901840209961,40.49962903082108,39.829912975847,39.829912975847,2230500
2013-12-09,39.413597106933594,40.34576950578486,39.30499573753234,40.029010620832864,2032600
2013-12-10,38.46333312988281,38.834391029040766,38.29138064815745,38.608136128276755,8060400
2013-12-11,37.956512451171875,38.73482968874175,37.87506056695235,38.6986280841164,3364400
2013-12-12,38.17372131347656,38.27327400701596,37.70311077734731,38.0470191407447,3753500
2013-12-13,38.472381591796875,38.653386201871385,37.94747202019416,38.39998181919254,4625300
2013-12-16,38.77103805541992,39.01539375069654,38.4633312671874,38.4633312671874,2491300
2013-12-17,39.32310485839844,39.57650925805741,38.834393414162406,38.87964370661922,4808000
2013-12-18,39.386451721191406,39.386451721191406,38.35472997371229,39.2597495349923,3268400
2013-12-19,39.006343841552734,39.59460796947817,38.35473206944203,39.59460796947817,2433900
2013-12-20,39.386451721191406,39.667009028043445,38.96109142262959,38.98824435708343,10857500
2013-12-23,40.90687942504883,41.16028376377728,39.51314865729198,40.68967324015645,2564600
2013-12-24,40.798282623291016,41.2145907841714,40.77112968940711,41.105985953386934,601700
2013-12-26,40.816375732421875,41.042630594469394,40.62632247687201,40.78922625373624,860000
2013-12-27,41.01547622680664,41.35938454279062,40.834471668269025,41.11502890662106,808400
2013-12-30,41.58564758300781,41.603748387670464,40.87973001066614,40.99738351478566,1523700
2013-12-31,41.56755065917969,41.920507752115604,41.28699333927831,41.857156656069456,1314400
2014-01-02,39.748451232910156,40.45436872747967,39.476946097633466,40.45436872747967,3772700
2014-01-03,39.42264938354492,40.128563465877065,38.98824045192704,39.920409401916956,3634200
2014-01-06,39.02443313598633,39.82085112515436,38.70767774662252,39.7575000472816,2580000
2014-01-07,38.88867950439453,39.4407418166948,38.62622308504283,39.17828539734311,3207200
2014-01-08,39.6670036315918,39.74845206674582,38.82533527791512,39.051590137454546,2239000
2014-01-09,38.97013854980469,40.010908840269764,38.82533557668019,39.775605303583156,3617000
2014-01-10,38.915836334228516,39.32309577703851,38.64433118981359,39.20544228192113,4832200
2014-01-13,38.86153030395508,39.359293716780606,38.39091981970407,38.97013511350332,4311500
2014-01-14,39.92946243286133,40.01091433219745,38.91584148185948,39.10589476285188,6310300
2014-01-15,41.078819274902344,41.33222353589805,40.200949581632734,40.40005490234315,2820700
2014-01-16,41.63089370727539,41.68519611583559,40.83447564360161,41.21458559877267,2142000
2014-01-17,42.282501220703125,42.71691005418472,41.49513197341662,41.49513197341662,3245300
2014-01-21,42.228206634521484,43.259928236465996,41.95670149491111,43.21467795526012,2398500
2014-01-22,43.3051872253418,43.33234016142527,42.083412125236876,42.19201351244321,1876000
2014-01-23,43.3051872253418,43.350440968022305,42.61737383653384,42.82552793383593,2816100
2014-01-24,41.250789642333984,43.305180828166236,41.06978505547808,43.250881868772204,3619000
2014-01-27,41.63089370727539,42.011000210071316,41.142182387359085,41.56754262347607,3347300
2014-01-28,42.255348205566406,42.67165969093184,41.341280267705955,41.63088615608003,2218500
2014-01-29,42.771217346191406,43.38663084346396,42.23725573686302,42.30965894942459,3643100
2014-01-30,43.3051872253418,43.75769703314004,42.952230127639304,43.22373532184308,1695900
2014-01-31,43.7576904296875,43.93869501596665,42.66261768864287,42.988425253470275,2619400
2014-02-03,41.46799087524414,44.029197572946416,40.924980586817085,44.01109676968215,3867900
2014-02-04,42.53591537475586,42.55401617856207,41.3593907463547,42.282511026219545,2372400
2014-02-05,42.53591537475586,42.64451674521781,41.90240105103975,42.20105913527925,4924500
2014-02-06,44.888973236083984,45.14238108557001,42.1377161252973,42.7712271180724,6893800
2014-02-07,47.106266021728516,47.115318150392575,44.50886092760549,44.50886092760549,6752900
2014-02-10,47.278221130371094,47.46827440054482,46.436552702601176,46.49990379265908,4084600
2014-02-11,47.13341522216797,47.594973628586835,47.051963332520494,47.441118524863704,2586400
2014-02-12,47.63117980957031,48.11988774200975,47.13341974831452,47.13341974831452,2734100
2014-02-13,48.52714157104492,48.93440101090395,47.15151160328509,47.242015619017764,5198400
2014-02-14,50.31907653808594,50.898291845782055,49.03395066563904,49.77606628681612,6878500
2014-02-18,51.396060943603516,51.47751284099336,50.02043081678365,50.68109467233437,4098200
2014-02-19,51.396060943603516,51.93002261485349,51.19695553834487,51.522763127904255,3589000
2014-02-20,51.35080337524414,52.310121750277666,51.20600040623671,51.67660746622952,4482000
2014-02-21,50.81684112548828,51.739957883291886,50.273827409419916,51.730909208259526,3420100
2014-02-24,50.27383041381836,51.36890313405469,50.26478173824525,51.079297182461204,2982300
2014-02-25,50.699188232421875,50.77158799065792,49.839419094477556,50.60868421915794,2726700
2014-02-26,50.27383041381836,51.37795526200307,50.17427772063774,50.77159042734621,3704200
2014-02-27,51.224098205566406,51.37795330344649,50.174275807966026,50.45483307329139,2547900
2014-02-28,50.889244079589844,51.43225782976879,50.50008543362628,51.314604332707056,2293900
2014-03-03,50.59964370727539,50.67204692956737,49.70367281947824,50.44579203846842,1921500
2014-03-04,52.3463249206543,52.427776808929636,51.03404603282948,51.459406277420165,2490200
2014-03-05,52.11101531982422,52.6449734168154,51.54085216824279,52.48207311159551,2667000
2014-03-06,54.21971130371094,54.23781210572479,52.31917197313042,52.4006238560053,4943600
2014-03-07,52.9979362487793,54.636019120555815,52.34632118902844,54.301162915906055,4781000
2014-03-10,51.71281051635742,53.28754586913725,51.54085806472422,52.92553671031712,2924500
2014-03-11,51.41416549682617,53.314705304633776,51.10645869007509,52.57258949759455,2913200
2014-03-12,52.06578063964844,52.228684456843105,50.5906010595955,51.14266015967068,2152800
2014-03-13,51.902870178222656,52.85314347433644,51.07025384348085,52.355379956419455,3241800
2014-03-14,52.1472282409668,52.67214126465397,51.595165734115035,51.595165734115035,2814400
2014-03-17,52.8621826171875,53.721951731177626,52.43682239763581,52.43682239763581,2697900
2014-03-18,53.15178680419922,53.486643002030064,52.42777200387244,52.997935169543794,2657800
2014-03-19,53.26944351196289,53.59525105492139,52.79883300017562,53.30564511726386,2325900
2014-03-20,54.165401458740234,54.165401458740234,52.771674418833534,53.160832977748086,2191600
2014-03-21,52.46397018432617,54.73556711947679,52.111013207966586,54.608864969232286,3589400
2014-03-24,51.07929611206055,53.06129090144008,50.798742294294634,52.66308013706236,3254800
2014-03-25,51.540863037109375,52.58163342746859,51.169805167089905,51.75806579145585,2870200
2014-03-26,52.57258987426758,54.58173453582426,51.975277063044764,53.504758978291214,5298400
2014-03-27,51.82141876220703,52.91649505943752,50.69919643516798,52.91649505943752,3208100
2014-03-28,52.183414459228516,53.44139077626027,51.86665907449921,52.33726954065044,2552700
2014-03-31,53.22420120239258,53.92106667311098,52.382532741159686,52.77169142548782,2407400
2014-04-01,55.14282989501953,55.45958529015017,53.224189817996354,53.38709357902779,4070300
2014-04-02,55.51390075683594,56.391770847578854,54.925636653319934,56.10216486035194,3660600
2014-04-03,56.02975082397461,57.33297751498134,55.57724112471706,56.590861884388964,4302900
2014-04-04,51.884769439697266,56.78092478221683,51.62231295689829,56.72662236952122,7039800
2014-04-07,50.42768096923828,51.848561119954795,49.595061344223694,51.11549417914168,5889100
2014-04-08,52.708335876464844,52.825985922802424,50.59059016150922,51.81236507490175,4189800
2014-04-09,53.69480514526367,55.02518137724641,53.04319004233322,54.40976788056214,3436800
2014-04-10,51.92097473144531,54.02967210719472,51.84857495694312,54.02967210719472,2822600
2014-04-11,50.88019943237305,52.44588281578934,50.24668506652745,50.77159460231342,3301700
2014-04-14,51.043094635009766,52.06576405314886,50.39147957381497,51.21504707510285,2651700
2014-04-15,52.156272888183594,52.77168640238564,50.853042645226196,51.54990804961307,2737000
2014-04-16,52.40968322753906,52.997947329740626,51.13360577030437,52.997947329740626,1988300
2014-04-17,52.67213821411133,53.522855343631,52.04767251848599,52.445883327841415,2445700
2014-04-21,54.38261032104492,54.52741327213735,52.13816285292489,53.62239396471598,3425100
2014-04-22,54.86228561401367,55.450549718115404,54.029669263001175,54.726534749327215,3116800
2014-04-23,54.77177810668945,55.287638922447066,54.310216248985114,55.2061870329919,3162600
2014-04-24,56.1112060546875,56.56371578093498,53.758156859150695,56.201706618986904,5078400
2014-04-25,53.27849578857422,55.70394826969106,52.98888983134015,55.61344770269616,4209500
2014-04-28,52.50923538208008,53.77626069698549,51.233157938227656,53.712909603859,4083100
2014-04-29,53.61335754394531,53.74005972356196,52.21057453493833,52.94364158434598,2221000
2014-04-30,53.957252502441406,53.98440543046678,52.599723481917096,53.477593353282764,2234800
2014-05-01,54.71747589111328,55.68584644009794,53.95725940428301,54.01156181490491,2748300
2014-05-02,55.912109375,56.36461917169602,54.654132692565184,55.350998193762145,2552500
2014-05-05,55.40529251098633,55.91210119966098,54.85323008735836,55.91210119966098,1593600
2014-05-06,54.78988265991211,55.676801376692715,54.68127783162229,55.42339701543411,1704400
2014-05-07,54.500282287597656,55.287648385513435,53.78531596360332,54.80798909460941,1992600
2014-05-08,54.94373321533203,56.26506086154527,54.12016560544564,54.391670765953435,1993000
2014-05-09,54.09302520751953,54.898492148296114,53.595265087616966,54.65413642709827,1717500
2014-05-12,56.67232131958008,57.38728756824176,54.63602740159778,54.753680905746336,2929900
2014-05-13,54.94373321533203,57.785493903239434,54.708429663525386,56.88952652832617,3632900
2014-05-14,53.88486099243164,54.77177967389037,53.848659384443444,54.29212045136049,8447100
2014-05-15,53.98442459106445,54.05682436928756,52.22868422517125,53.80341996694259,5133100
2014-05-16,54.52742385864258,54.753678729425324,53.468552720519476,53.93915981365729,3855600
2014-05-19,54.78988265991211,55.19714213506022,54.34642157533406,54.418824794193945,4452500
2014-05-20,55.016136169433594,55.66774786105868,54.545525615697166,55.23333891585015,3183500
2014-05-21,54.67222213745117,55.577241542773905,53.98440890845092,55.05233208292175,3170500
2014-05-22,54.78988265991211,55.36004247274397,54.20161858998979,54.328320770619094,2069100
2014-05-23,55.80351257324219,55.9211660967105,54.39168064875064,55.06139672190557,2242200
2014-05-27,56.482269287109375,56.70852417184421,55.83065411431287,56.120260090583415,2926200
2014-05-28,55.93926239013672,56.71757634156741,55.66775374983157,56.60897495687081,2450500
2014-05-29,56.13835525512695,56.59086497913056,55.88495091444501,56.056903366711296,2097100
2014-05-30,56.20170974731445,56.61802134244025,55.87590562627639,56.45511755573351,1972700
2014-06-02,56.47321319580078,56.57276243201776,55.4867418897861,56.43701159042636,1841100
2014-06-03,56.73567199707031,56.97097900365597,55.903055702691454,56.14741138535711,1844800
2014-06-04,56.563720703125,56.76282610476017,55.921157664507625,56.192662833407525,2965300
2014-06-05,57.37823486328125,57.74929270196472,56.518465690026794,57.016225700108244,3376300
2014-06-06,57.179134368896484,58.5457157970034,57.025279253057214,58.391857228788595,2596500
2014-06-09,57.64973449707031,57.993642823963015,57.20627348720539,57.23342641589094,3331900
2014-06-10,58.28325653076172,58.400906578738955,57.097679756132464,57.8035938534974,2869500
2014-06-11,57.63164138793945,58.50951139782515,57.504939211744684,58.283256525370106,2022300
2014-06-12,56.355560302734375,57.51398406801151,56.093103839546544,57.269628407703024,2707700
2014-06-13,56.3736686706543,57.658794776168676,56.111212172246226,57.658794776168676,2365700
2014-06-16,56.59086608886719,56.99812553893176,55.96640390035171,56.51846632684198,1574800
2014-06-17,57.28773880004883,57.631647207573415,56.56372382555684,56.60897411414214,2049800
2014-06-18,56.943824768066406,57.68594392754275,56.491315022157266,57.68594392754275,2391500
2014-06-19,58.81721115112305,58.85341275709543,56.789969549922056,57.713089787966766,3578500
2014-06-20,60.12950134277344,60.165702953482814,58.92582367950391,58.99822690092265,3293900
2014-06-23,59.78558349609375,60.98926103861787,59.69508293077438,60.1837942691996,2275400
2014-06-24,58.319454193115234,59.867036587573565,58.120348814047446,59.731282292322774,2225200
2014-06-25,58.44615936279297,58.8172137571371,57.468736672483026,58.38280827572199,1666800
2014-06-26,57.82168960571289,58.52760364140227,56.94381967244527,58.52760364140227,1680100
2014-06-27,58.835330963134766,58.90772728947151,57.25154308063782,57.74025453335967,1594000
2014-06-30,59.894195556640625,59.903247685691845,58.826272185392675,59.514088993506114,2307800
2014-07-01,60.772056579589844,61.233618425821,60.355748467111866,60.49149585887073,2402100
2014-07-02,60.274288177490234,60.690596255780356,59.87608435311477,60.636297303535926,2033800
2014-07-03,60.96211624145508,61.08881842358317,60.41910590308456,60.93496676024922,670600
2014-07-07,60.55485153198242,61.35126612042541,60.25619347203502,61.125011269813754,1499200
2014-07-08,59.43263626098633,60.8625689050407,58.60001987511354,60.53676129235105,2925600
2014-07-09,60.0842399597168,60.46434646668396,59.51408019926604,59.903238833946816,1653600
2014-07-10,59.215431213378906,59.33308127270637,57.966506682532476,58.83532464808887,3048800
2014-07-11,60.111392974853516,60.183796191321605,59.14302239503281,59.46882996438845,1419300
2014-07-14,60.04802703857422,61.03450163096206,59.77652540107916,60.47338719920711,1451300
2014-07-15,59.514076232910156,60.50959616779865,59.179216577327246,60.04803435167084,1976500
2014-07-16,60.66346740722656,60.871624969526906,59.839903097564765,60.00280691444048,1536800
2014-07-17,58.762916564941406,60.156647427158155,58.59096064997122,60.0480426011637,2961700
2014-07-18,60.28334045410156,60.31954205727098,58.77195977171479,59.22446945420782,2449300
2014-07-21,59.984683990478516,60.99830819173871,59.61362963150602,60.22904309213721,2108600
2014-07-22,59.95753479003906,60.92590526442026,59.9122810584862,60.18378963830336,3434600
2014-07-23,58.40995407104492,60.265239735245835,57.59543521382858,59.821782153719795,6098900
2014-07-24,59.12492370605469,60.90781316894063,58.41900962333348,60.63630456570142,5939700
2014-07-25,57.016231536865234,59.278780407375756,56.75377503931587,59.278780407375756,6226500
2014-07-28,56.418922424316406,57.28774041824817,55.36909981855489,57.0433847101344,5192100
2014-07-29,55.83064651489258,56.83521861875743,55.658694068754706,56.21075646474351,4592100
2014-07-30,57.360137939453125,57.67689338937191,55.8940038365778,56.24696434811292,3723600
2014-07-31,56.42796325683594,56.76282295050097,55.29668890563734,56.2741116022131,3761000
2014-08-01,56.47321319580078,57.215328844100796,55.80349730587449,56.62706484007939,2928100
2014-08-04,56.771873474121094,57.42348862638088,56.33746452340639,57.034329960711894,2490300
2014-08-05,56.093109130859375,56.71757135341482,55.72205126776838,56.663272392029846,2462300
2014-08-06,56.9619255065918,57.767395753377826,54.81703028011757,55.53199650640077,3825600
2014-08-07,54.7536735534668,57.007173372480935,54.47311629736262,56.771866395780656,3942500
2014-08-08,55.28763961791992,55.60439505179938,54.138264475539,54.80798040308095,2304100
2014-08-11,55.8397102355957,56.36461981047648,55.67680643074888,55.67680643074888,1623100
2014-08-12,56.58180618286133,56.71755700435542,55.30572912751913,55.803489044413325,1666700
2014-08-13,57.034332275390625,57.52304365941931,56.67232307558221,57.52304365941931,2456600
2014-08-14,57.66783905029297,57.694988528369805,56.78092042523991,57.32393070102746,1940200
2014-08-15,57.82168960571289,58.265147183690814,56.7266169471755,58.228945578687494,2154500
2014-08-18,57.22438430786133,57.323937008263485,55.04328738474533,56.25601368965477,6773800
2014-08-19,57.25153350830078,57.89409999346272,56.74472478492015,57.11578265127047,2680000
2014-08-20,58.102237701416016,58.337544658429074,57.251520781723926,57.33297265878618,3371400
2014-08-21,57.94839859008789,58.328505130227626,57.713095034626456,58.1746534694212,2672800
2014-08-22,59.215431213378906,59.58648564956639,58.10225409531362,58.73577194221509,3308100
2014-08-25,59.31498336791992,59.595537224728425,58.83532410121454,59.47788716649452,2019300
2014-08-26,58.59096145629883,59.631735279295256,58.56381197561429,59.3330771822635,2328600
2014-08-27,59.31498336791992,59.459782908457704,57.957454014715395,59.20637853395307,1708200
2014-08-28,60.60011672973633,60.6091688598349,58.880577962872174,59.53219323492614,2681200
2014-08-29,62.011924743652344,62.89884677219921,61.369361813830075,62.53683764004232,5607400
2014-09-02,62.50969696044922,63.35136537664322,62.13864255371361,63.35136537664322,4401100
2014-09-03,62.67258834838867,63.69525770143234,62.220078685223406,62.8988431799713,4706200
2014-09-04,62.83552551269531,63.18848268525006,62.2653655196653,62.75407013954636,3780000
2014-09-05,64.2473373413086,64.34689004638923,62.70880683420102,63.206563454852834,3674700
2014-09-08,64.4283447265625,65.32431215819733,63.939633335284064,64.53694265479018,4187100
2014-09-09,63.36946105957031,66.14787059171816,62.256290963932464,64.28353266925922,9013800
2014-09-10,63.92153549194336,64.25639524866826,62.98031422592784,64.15684253463523,3174800
2014-09-11,64.56407165527344,64.67267645379985,63.48710341507013,63.48710341507013,2211900
2014-09-12,63.333251953125,64.70887821413304,63.26990088001441,64.63647501493548,2335100
2014-09-15,62.048133850097656,63.87627708140841,61.92143167423462,63.39661785781968,2854800
2014-09-16,63.58667755126953,63.79482818777022,61.903340582018274,61.903340582018274,2222500
2014-09-17,64.01203918457031,64.47359420798455,63.24276700271014,64.39214575847082,1979800
2014-09-18,66.07548522949219,66.70899620964478,64.0934900269762,64.6546046842198,5016700
2014-09-19,65.15235137939453,66.80853870902098,64.77224484940672,66.80853870902098,4107200
2014-09-22,64.07539367675781,65.65917805671545,63.96678883356431,65.42387101550548,3149000
2014-09-23,65.16140747070312,65.39671448656655,63.36042050310708,63.803878148396805,2890500
2014-09-24,65.35144805908203,65.95780938151175,64.59123510046862,65.39670178960658,2368500
2014-09-25,63.179405212402344,65.33335590939956,62.98935195762325,65.30620643082403,2978200
2014-09-26,64.33783721923828,64.59124849608104,62.86265782184795,62.86265782184795,1780900
2014-09-29,63.604766845703125,64.09347818499104,62.563993080816864,63.251809807009174,1883300
2014-09-30,61.930484771728516,63.60476946876675,61.33316858638198,63.541418379843705,3848200
2014-10-01,59.74032974243164,61.9576244071686,59.45072382412212,61.9576244071686,5089500
2014-10-02,60.0118408203125,60.16569938288424,57.45968955952297,59.70413750467066,5741300
2014-10-03,60.97116470336914,61.849027796819726,60.26524371071459,60.28334796693044,3399500
2014-10-06,59.92134094238281,61.69517835382279,59.60458549475976,61.18836963762591,2482900
2014-10-07,59.007266998291016,59.96659233686198,58.60001099650897,59.079670213419135,2633100
2014-10-08,59.876094818115234,60.12949917921169,56.89857631335438,58.87152259751785,5047600
2014-10-09,58.22895431518555,59.87609651859325,57.912202307194725,59.468833579763995,3645000
2014-10-10,50.988792419433594,52.84408147295477,49.51360985144482,52.5544755452039,18567600
2014-10-13,48.780555725097656,51.848571484900475,48.699103826502196,51.32365848231294,7030000
2014-10-14,51.20600891113281,53.785313303846,49.04300923953876,49.77607633385625,8606400
2014-10-15,53.04319381713867,53.55905465954465,49.703669629338926,50.02042852797227,6478400
2014-10-16,55.2604866027832,56.13835308581228,51.58610654300534,51.758058988627,6535000
2014-10-17,54.68128204345703,57.89410435413488,54.59078146528685,57.02528292277264,5110000
2014-10-20,55.65869140625,56.047850012597515,54.029657226298156,54.43691663437985,2785300
2014-10-21,58.500465393066406,58.90772144421425,56.84428134857148,57.32394062362385,5714000
2014-10-22,58.03889846801758,59.6136373807993,57.848845200216516,59.17922497957482,4533400
2014-10-23,58.08414840698242,59.7312835249657,55.79445030995213,59.7222313971621,10049500
2014-10-24,59.305908203125,59.64076779922544,58.04793204349574,58.382791639596185,3888200
2014-10-27,59.514076232910156,59.686025219506874,57.71308615157557,59.1611192278565,2694200
2014-10-28,61.15216064453125,61.22456385374552,59.206367551585515,59.206367551585515,3246700
2014-10-29,60.68155288696289,61.468915337554584,59.314971674157206,60.8987556073244,2767800
2014-10-30,59.19732666015625,60.52769947686715,57.48683696725922,60.138540829805294,5669700
2014-10-31,62.138648986816406,62.989362714716464,60.81731429598453,61.3603315792312,5256600
2014-11-03,62.67258834838867,63.297053893076566,61.8309200987113,61.93047277698762,3818500
2014-11-04,63.052703857421875,63.17940602891206,61.75852575884311,62.066235964426774,3271500
2014-11-05,66.3922119140625,66.60036247233755,63.80385633858537,63.80385633858537,8166200
2014-11-06,66.49178314208984,67.82216289929143,66.20217718101371,66.20217718101371,4718000
2014-11-07,66.5551528930664,67.15246233444934,64.9713683389072,66.52800340546983,3643300
2014-11-10,67.32440948486328,67.641164973291,66.69994373285449,66.89904915550957,2221300
2014-11-11,66.82662963867188,67.57779740294828,66.18406668884812,66.81758441603007,2388300
2014-11-12,66.4284439086914,66.73614727641906,65.36052044200086,66.45559339352009,2141100
2014-11-13,65.68631744384766,67.69546185318882,65.17950182493897,66.51893373275003,2252200
2014-11-14,66.72709655761719,66.83569448799093,64.37404012983166,65.59582208454776,2036900
2014-11-17,67.3062973022461,67.83120332253411,66.7813843772078,66.79948172766589,3291000
2014-11-18,67.46920013427734,68.16606204557333,66.80853292339269,66.85378665603211,3158700
2014-11-19,66.0664291381836,67.9398193868708,65.95782430320484,67.31535366905793,2785700
2014-11-20,67.09815216064453,67.80406633935014,64.98040962452768,65.80397386476704,2362200
2014-11-21,67.74070739746094,68.63667475859468,66.79948629995901,68.30182196657287,3015500
2014-11-24,68.94438171386719,69.41498878797958,67.48729985255225,67.75880844841545,3983100
2014-11-25,68.917236328125,70.41051988455564,68.78148202213116,69.85845743699794,8096400
2014-11-26,70.45576477050781,70.5915190727517,68.48282203818191,68.76338277075276,3002400
2014-11-28,70.41956329345703,70.89922251149063,69.69555185473202,70.45576490110588,1225800
2014-12-01,68.6728744506836,70.58246607232815,68.06651306687243,70.25665851286979,3352500
2014-12-02,68.2022705078125,68.51902595388464,67.09814560600316,67.95791137459194,3598100
2014-12-03,69.55072784423828,69.91273692447336,68.58235752484006,68.93531447926333,3673400
2014-12-04,68.908203125,69.8675218492593,68.18418456401953,69.78607338614418,3259100
2014-12-05,69.8946533203125,70.22950608895098,68.79957373848046,69.23398610112666,2495000
2014-12-08,68.88102722167969,70.48290852473616,68.27466587962866,69.68649393688182,2399700
2014-12-09,69.48739624023438,69.74080059596653,67.43300500933364,68.02126906642663,2595500
2014-12-10,68.01220703125,69.95800005755119,67.86740061778114,69.33353448277899,2553200
2014-12-11,67.83122253417969,69.57791079998199,67.61401974341345,68.89010081176356,2200300
2014-12-12,66.41937255859375,67.8312005991503,65.83110857344518,66.74518009176064,2349400
2014-12-15,65.279052734375,67.42395139188065,64.64554185903613,67.20674864958599,3617900
2014-12-16,65.7858657836914,68.04841440021951,63.668116688150874,64.60028561340039,3721900
2014-12-17,68.265625,68.38327505590557,65.4057599048996,66.34698106639777,2115800
2014-12-18,70.42860412597656,70.52815680485664,69.1163288567386,70.16614769117906,2898500
2014-12-19,69.22494506835938,70.73633299988755,68.66383735325137,70.6005786832561,2660400
2014-12-22,69.94893646240234,70.35619235020172,69.15252203314522,69.30637364366955,1319100
2014-12-23,69.02583312988281,70.57342252646771,68.95343681864404,70.41051874286671,1494700
2014-12-24,69.46023559570312,70.42860603074965,69.16157755098557,69.2520781056652,694500
2014-12-26,69.34259033203125,70.03945224619471,69.02582801175221,69.4692924982428,768500
2014-12-29,69.03490447998047,69.78607251933578,68.70005159610719,69.78607251933578,1556000
2014-12-30,68.40138244628906,68.94439282074347,67.44205698317634,68.70004056890203,1839800
2014-12-31,69.14349365234375,70.12091640441994,68.2203698626881,68.3832736547008,2210100
2015-01-02,69.51455688476562,70.48292763098,68.05747470054325,69.28830197298889,2566600
2015-01-05,68.78148651123047,69.68650607058876,68.29277512060683,69.60505762452712,3929600
2015-01-06,65.50531768798828,68.573333651066,65.34241388000399,68.32898139146543,4099700
2015-01-07,67.27009582519531,67.85835983508706,66.10261993303331,66.10261993303331,2713000
2015-01-08,70.44671630859375,70.68202331774555,68.26562285010324,68.33802606903471,2664000
2015-01-09,72.691162109375,73.27942613413258,70.88112320535197,70.90827268415224,5110100
2015-01-12,72.71830749511719,73.5690279416441,70.90826869297489,73.30657148676346,2926700
2015-01-13,71.71372985839844,74.89940177032426,71.10736856374052,73.30656581436135,3737300
2015-01-14,72.46489715576172,72.83595839369703,69.758891304384,70.60960477558415,4010400
2015-01-15,69.33355712890625,73.08033799183502,69.12539956774262,72.58257441389074,4790900
2015-01-16,70.51007843017578,70.51912365450832,68.60048657379697,69.17969854964394,3658500
2015-01-20,71.29742431640625,71.80423295019494,70.03039582718475,71.80423295019494,3084600
2015-01-21,71.7680435180664,72.5463607797819,71.00782360684998,71.74088713519237,2608500
2015-01-22,71.55082702636719,72.40154741804915,69.6231383120715,72.09384415580226,3795100
2015-01-23,72.60973358154297,73.46044740445726,70.71823881774738,71.43320520944026,2780500
2015-01-26,71.60514831542969,72.35630928418217,70.71822613030778,72.35630928418217,2853600
2015-01-27,70.61865997314453,71.3879250527382,70.13900081427141,70.59151049694414,2738600
2015-01-28,71.61420440673828,74.33831556218783,71.13454508368366,73.12559251180461,5575500
2015-01-29,72.28389739990234,72.81785549790966,69.60504097360803,71.85853720399841,3256100
2015-01-30,71.80423736572266,72.83596585541581,70.72726895269463,72.13909703635335,2455900
2015-02-02,70.473876953125,72.64591841432188,68.9353395292339,72.3382150723945,3131200
2015-02-03,72.16625213623047,72.2296032242851,70.03040558931613,70.2747647180631,2907700
2015-02-04,72.1753158569336,72.75452787067806,71.34269945026992,71.55990222923613,4781200
2015-02-05,70.83587646484375,73.08032796552882,70.21141767653006,72.40156330950224,6640100
2015-02-06,74.47405242919922,75.5148261924646,70.9806767500914,71.43318648153283,6121000
2015-02-09,73.2794418334961,74.48311961968706,71.21599814559842,74.24781257842183,3663900
2015-02-10,74.1753921508789,74.21159375689133,72.87216195343291,74.0396378545199,3074100
2015-02-11,75.8949203491211,75.99447302620462,73.90388061694942,74.2930322940494,3188400
2015-02-12,77.27962493896484,77.31582655240042,75.51483943867883,75.51483943867883,2824900
2015-02-13,76.73661804199219,78.28420083690291,76.0035543246008,77.95839320589516,2719700
2015-02-17,75.76823425292969,77.18006247474176,75.48768041519803,76.9266581174679,2706100
2015-02-18,77.25248718261719,77.361092039411,75.65059834248422,76.49226699456608,2119500
2015-02-19,77.53302001953125,77.55112427645129,76.2750434488744,77.08956239150316,2163100
2015-02-20,76.61894989013672,77.56016404120521,76.15738803767493,77.47871560505043,2103800
2015-02-23,76.47413635253906,76.64609224143156,75.68676701917578,76.56463690810098,1890700
2015-02-24,77.75020599365234,77.76830334030954,75.67771111158739,76.61893194698472,2250600
2015-02-25,76.83615112304688,77.69591682115843,76.44699249127262,77.38821352869756,1594800
2015-02-26,76.89045715332031,77.86787988650151,76.13024407512444,76.85425554415609,1840600
2015-02-27,76.83615112304688,77.7773721604718,76.492239320002,77.23435497771682,1656900
2015-03-02,90.10375213623047,90.41146240084319,85.9949621882377,86.06736541576443,23907400
2015-03-03,89.3525619506836,90.5833818934738,88.41134101405027,90.45667973899909,7326500
2015-03-04,90.02228546142578,90.13993550377803,88.06744014241654,88.73715950434587,3401200
2015-03-05,89.29825592041016,91.28025046898783,88.99959788341224,90.50193329031119,3860400
2015-03-06,89.1263198852539,89.62407644778476,88.30274885843384,89.4159258376493,3661000
2015-03-09,89.34352111816406,89.7688813639928,88.63760705263994,88.63760705263994,3558700
2015-03-10,88.28465270996094,89.14441845088649,87.88644193071087,88.90006623027891,3090200
2015-03-11,88.64666748046875,89.12633367074551,88.12176135757896,88.75527231869678,2157100
2015-03-12,89.21682739257812,89.31638009378047,87.36153458444471,87.42488567568701,2358000
2015-03-13,94.72840118408203,95.13566415256169,90.18520576738213,90.32096009020869,8272000
2015-03-16,94.45689392089844,95.0542032397621,93.34371682450298,95.02705375773438,3956700
2015-03-17,93.96817779541016,94.34828433414852,93.11745724273304,93.39801108255169,2706600
2015-03-18,95.35285186767578,95.82345895376884,93.36181179649277,93.63331349451741,2762000
2015-03-19,95.31665802001953,96.33932761819364,94.75554341748753,95.44336020369593,1834800
2015-03-20,97.7692642211914,98.17652717545279,95.93207557669975,96.68324348599727,3407000
2015-03-23,94.927490234375,98.1946110245297,94.927490234375,97.895952946762,3281700
2015-03-24,94.1582260131836,95.19899977939231,93.54281250049283,95.03609599942268,3231000
2015-03-25,90.6376953125,94.53832676094281,89.21681511467568,94.50212515596479,5904000
2015-03-26,88.23941040039062,89.59693979116587,84.21207596965803,86.89093313888432,8746700
2015-03-27,90.4295425415039,91.08115765570177,88.00409011907324,89.07201335517519,4993000
2015-03-30,92.70115661621094,94.11298496307465,91.4250756836599,91.4250756836599,3732000
2015-03-31,90.8277587890625,92.80975373013256,90.6558028722388,92.02238426887506,2527400
2015-04-01,90.27571105957031,91.09023013429129,88.76432988493654,90.50196597450658,3301400
2015-04-02,89.84127807617188,91.30741207598605,89.4340220841543,90.42049687855871,1958300
2015-04-06,90.46574401855469,90.55624458322995,87.93169368389448,88.38420341202135,3237100
2015-04-07,90.8458480834961,92.13098092433479,90.30283780533554,90.30283780533554,3294700
2015-04-08,92.18528747558594,93.15365807125758,90.87301195318776,91.40697014769087,2057100
2015-04-09,92.40248107910156,92.55633272282546,91.31646054078556,91.56986487274261,1392800
2015-04-10,91.71466827392578,93.10839906347705,91.32551653675772,92.9907490200135,1467200
2015-04-13,90.764404296875,92.13098564228157,89.82318321098079,91.61512481589972,1566700
2015-04-14,89.2620849609375,90.97257153493031,88.5109239043746,90.61961442631286,2087900
2015-04-15,91.18069458007812,91.3888520574077,89.86841935546555,89.86841935546555,2389000
2015-04-16,91.97713470458984,92.79165368340756,91.0087640588708,91.3526759081223,1848600
2015-04-17,90.25760650634766,91.19882080123811,89.69649187634434,90.61960881757408,2072700
2015-04-20,91.43412780761719,92.4929990677042,90.61056357357778,91.02687175519955,1748900
2015-04-21,91.62419128417969,92.30295605021222,91.13547982406601,92.24865707845034,1347800
2015-04-22,92.93645477294922,93.32561343459328,90.88205663889188,92.08573423243641,1485200
2015-04-23,89.21682739257812,91.40697300952753,89.00866986149566,90.41145290225518,4554400
2015-04-24,86.27552032470703,89.5607389945956,84.8546398256104,89.37973783607755,6699300
2015-04-27,87.7235336303711,88.8186063121545,87.08097066360978,87.52442825100132,2932500
2015-04-28,87.08097839355469,88.13984956355945,84.57407048314069,87.82309411587651,3304500
2015-04-29,86.3569564819336,87.24387860382487,85.56959395923228,87.11717642994763,2763300
2015-04-30,86.99046325683594,90.3571294717087,86.53795357741893,87.91357996475675,6248600
2015-05-01,91.3979263305664,92.56540242857344,86.70087936038873,86.82758155042812,4764000
2015-05-04,90.6196060180664,92.01333696843639,89.56073479046269,91.60608092851227,2447600
2015-05-05,88.18510437011719,90.6286543158688,88.0402979324203,89.86844123221309,2936800
2015-05-06,89.13536071777344,89.32541396735076,87.27102292261004,88.23939342555174,2417100
2015-05-07,91.17166137695312,91.27121407311054,89.19871861499361,89.47927935177849,2741800
2015-05-08,94.10391998291016,94.84603561261315,91.91376779351839,92.31197853790782,4499600
2015-05-11,93.73286437988281,94.97274351499743,93.38895947378735,94.21252358474636,2409100
2015-05-12,92.11287689208984,94.29397704241252,92.01332420196513,94.23062595821956,2287000
2015-05-13,91.9861831665039,93.37991405142076,91.85948098648883,92.52014827206828,2054800
2015-05-14,92.90930938720703,93.21701271684617,91.90473714438325,92.8097566853235,1901300
2015-05-15,92.96361541748047,93.66047747889125,92.08574529127026,93.52472315647958,2254700
2015-05-18,93.31655883789062,93.60616479437797,92.39343510457115,93.08125184051009,1752200
2015-05-19,93.0269775390625,95.65153609931475,92.2848616473121,93.66954070956263,2834800
2015-05-20,93.10838317871094,94.06770833276906,92.21241600426687,93.08123370444738,1745400
2015-05-21,96.64701843261719,96.72846686086342,91.88661465831629,93.01788886006794,4918100
2015-05-22,97.0,97.7421157881272,96.04068144345183,96.89139516341375,2804100
2015-05-26,96.82804107666016,97.71496328616665,95.73296823440043,97.63350793505575,2988100
2015-05-27,100.19468688964844,100.58384546878155,96.65606498126314,96.94567088400758,4104500
2015-05-28,100.26710510253906,102.0590397363072,99.19012975387258,100.85536912251865,5021200
2015-05-29,101.58843994140625,102.09524865720613,99.66979609555534,100.27616441453121,3597600
2015-06-01,101.34408569335938,103.17222202804672,100.76486686644526,102.47536005770199,2720300
2015-06-02,100.1222915649414,101.11781840715149,98.8462178290856,100.81010822735476,3046400
2015-06-03,97.95026397705078,101.33503498940762,97.8869128879472,101.12687746535252,2947000
2015-06-04,96.60177612304688,98.33036662195971,95.85061521189029,97.51584771945498,2909900
2015-06-05,96.8189926147461,97.42535404431699,95.81442038139679,96.30313175746545,2276100
2015-06-08,93.96817779541016,96.94569282502918,93.57901912820158,96.85518534982877,2805100
2015-06-09,93.95005798339844,94.29396976081716,91.54271006521634,93.3527487935261,2970200
2015-06-10,95.3076171875,96.22168896786303,94.66505406419591,96.22168896786303,2392400
2015-06-11,94.74649047851562,95.57005460535152,93.84147100894837,94.98179056918268,1559300
2015-06-12,93.95005798339844,94.54737407802057,93.58805576153632,93.69665366619505,1638900
2015-06-15,93.0269775390625,93.37088254581184,91.79615017156148,92.91837268731153,2659400
2015-06-16,93.35276794433594,93.63332179525811,91.97713436195693,93.43421638953869,2043800
2015-06-17,92.47489166259766,94.01342203200382,92.32104000660719,93.40706063151144,1940400
2015-06-18,95.18995666503906,96.44793328874283,92.52015175107813,92.52015175107813,2957900
2015-06-19,94.68313598632812,95.47049847749186,93.21700201265202,95.21709413988742,3751500
2015-06-22,94.6650390625,96.33027854604836,93.88672173400744,95.74201448547828,2065500
2015-06-23,93.59712982177734,95.6605735030539,92.93646934904942,95.35287013871529,2541100
2015-06-24,93.16271209716797,94.3030317270532,92.95455456836294,93.60616973101223,1966200
2015-06-25,92.88214874267578,93.96817628486431,92.50204221004766,93.55186814368817,1367900
2015-06-26,90.97257232666016,93.10841925648572,90.64677160450641,92.25770547934475,2805100
2015-06-29,88.23941040039062,90.45670564342291,87.09908377880899,88.9453245788335,3170400
2015-06-30,88.87291717529297,89.75078724480956,86.69182364714204,89.04487309955945,3615800
2015-07-01,88.35704803466797,91.56081777486499,87.98599364384813,90.92730691017232,2019200
2015-07-02,88.80052185058594,89.271128984425,88.01315234645475,88.23940723680553,1655400
2015-07-06,87.52442932128906,89.75982844559366,86.76421630503587,87.52442932128906,2147200
2015-07-07,87.30723571777344,88.05840358957941,82.37487510512986,87.53349060170889,5162100
2015-07-08,83.47898864746094,86.30265169921682,82.7459251331037,85.75964143285036,6321300
2015-07-09,81.91332244873047,85.96780621778947,81.24360300176654,85.07183878519069,5471800
2015-07-10,83.9224624633789,84.98133363625688,83.03554030270915,83.03554030270915,4845300
2015-07-13,83.08078002929688,85.48812793698906,82.37485912834227,84.98131930479065,4316300
2015-07-14,85.74153900146484,86.35695249103527,83.18938448098902,83.71429740836533,3746300
2015-07-15,84.0582046508789,85.96779625685717,83.94055460722046,85.75059352058372,3589300
2015-07-16,83.07173156738281,84.96321879939453,82.02190574894087,84.60121656313873,4979200
2015-07-17,82.61016082763672,83.81383815710441,81.1530791982283,83.42467958083851,3537000
2015-07-20,81.4607925415039,83.10792746036866,81.13498502746477,83.10792746036866,2896500
2015-07-21,83.62380981445312,83.70525826163367,81.33411140258173,81.37031301402354,3672900
2015-07-22,81.70514678955078,81.98570058188328,77.57826071375771,78.92673762804102,8246700
2015-07-23,84.16680145263672,85.49718103197063,83.27083420921281,83.61473908427708,4950500
2015-07-24,81.70514678955078,85.51527747000881,81.52414567928784,85.08087204347784,3585700
2015-07-27,79.84082794189453,80.96305028058916,78.67335186258867,80.50148836440977,3189500
2015-07-28,82.39297485351562,83.29799433972988,79.07155499624949,80.96304240815694,3385300
2015-07-29,83.08078002929688,84.57405644984571,81.59654883093033,82.58301661928077,3985800
2015-07-30,88.57427978515625,89.28019404050181,85.25285226627686,86.88189047457607,6524300
2015-07-31,87.77783966064453,90.73725730204774,87.54253956129048,88.09459510573716,4968600
2015-08-03,88.6647720336914,88.82767583919869,86.68277688414476,87.30724262271461,2814900
2015-08-04,86.23026275634766,88.30275838174755,84.7731807092532,86.8637805925525,5400800
2015-08-05,87.80498504638672,88.50185389784444,85.98590090164755,86.23025311796681,2900000
2015-08-06,86.63751983642578,88.23940131450645,84.38401630835779,88.21225183424674,3495900
2015-08-07,87.1895751953125,87.35247898127757,85.08088501083519,86.23025673615757,2170600
2015-08-10,89.85033416748047,90.0222900806845,87.26197786491298,87.62398704309214,2608800
2015-08-11,87.13528442382812,88.69191921273016,86.32981754662325,88.26655890358234,3590100
2015-08-12,84.91796112060547,85.87727935264252,81.49698933000245,84.0943902574422,8026100
2015-08-13,84.75506591796875,85.45192779919012,83.19843148695493,84.54690842346113,3662000
2015-08-14,82.91790008544922,84.89988835838467,82.70069040518779,84.75508880962879,3149700
2015-08-17,82.88168334960938,82.96313178628264,81.42460147461658,82.21196398146019,4027400
2015-08-18,79.94943237304688,83.43376354090789,79.59647526278205,82.93599997271289,4688000
2015-08-19,78.74573516845703,81.08067983173832,78.22082229103928,80.55577385907023,5258500
2015-08-20,74.22968292236328,77.97646932686987,73.98533073966155,77.97646932686987,7046900
2015-08-21,72.7002182006836,75.08946913187074,71.01688137579026,71.01688137579026,6290500
2015-08-24,71.73184204101562,75.87682578776825,65.20665277147296,66.60037661916142,9160200
2015-08-25,73.16178131103516,76.69135913976791,72.9807801525367,75.46958405802431,5724700
2015-08-26,76.94476318359375,77.27962292056311,73.11653415072834,76.45605867685688,4072000
2015-08-27,78.41089630126953,79.86797838567153,76.8995152512816,79.33402014473926,5435700
2015-08-28,78.4923324584961,79.00819321965918,77.67781365014656,77.83166528484875,1937500
2015-08-31,76.6098861694336,78.36561894011845,76.06687596298725,77.60540603204345,2968300
2015-09-01,74.0667953491211,76.78185395115194,73.59618822952622,74.27495288003394,3874200
2015-09-02,76.82711791992188,76.85426740479718,73.92200565747916,74.94467538137737,3548300
2015-09-03,77.56922912597656,78.60095091810913,76.80901597587955,77.03527087599198,2722900
2015-09-04,76.41078186035156,78.1212678316488,75.75916684180986,75.8949211214643,2355100
2015-09-08,82.0671615600586,82.49252179366091,78.73668980697582,78.85433984626466,4508100
2015-09-09,80.42909240722656,85.8863593594793,80.22093486613213,83.2437038480495,4908700
2015-09-10,78.6280746459961,80.75487553420058,77.92216069363431,79.73219930163859,4039100
2015-09-11,80.01278686523438,80.31143808829177,77.0443167507183,78.01268745518111,3154400
2015-09-14,81.68708038330078,81.92238053482382,79.84083935931793,81.39747435432812,2843900
2015-09-15,81.87710571289062,83.8681456185919,81.72325407298871,82.22101059703901,2801300
2015-09-16,82.30247497558594,82.35677393569361,80.66438499657953,81.9042641887942,2205700
2015-09-17,82.37487030029297,84.15775978647052,81.65991098494071,82.18481703744293,2804500
2015-09-18,81.52413177490234,82.58300258931888,80.09419977155859,81.03542057484503,3304900
2015-09-21,81.76850891113281,82.89978326492478,80.81824259679799,81.58750777642638,2219000
2015-09-22,78.14842224121094,80.43812017251426,77.87692056950793,80.16661850081125,3785800
2015-09-23,77.44251251220703,78.73669057602598,77.04430175264726,78.20273242548019,2623900
2015-09-24,77.54207611083984,78.27513974429407,73.11653101859532,76.26599521804783,5411800
2015-09-25,78.47425079345703,80.1485357174398,77.46062632854364,78.28419750092672,2706900
2015-09-28,74.60077667236328,78.51046163251272,74.53742556740899,78.51046163251272,2664800
2015-09-29,74.50119018554688,76.10307134470291,73.19796015453895,75.19805202422506,2710700
2015-09-30,78.800048828125,79.09870692496229,75.7591827079202,75.79538431705966,3226700
2015-10-01,77.23435974121094,78.00363182930924,74.52835340718798,77.91312435676775,3733900
2015-10-02,77.72306060791016,77.77736646505917,75.18901052786605,75.98542508363708,3031200
2015-10-05,77.19815063476562,79.41544520332917,77.06239635603227,77.93121407327654,3164200
2015-10-06,76.68228912353516,78.09411703667905,74.14823229531595,76.9085439508851,4062400
2015-10-07,76.87234497070312,78.10317182582867,74.86320093057908,77.37915359172554,3512300
2015-10-08,78.27513885498047,78.4742442605087,75.09852520960203,76.61895832802081,3065300
2015-10-09,79.02630615234375,79.71412293777766,77.63257522872159,77.84073276152766,2818200
2015-10-12,80.55577850341797,81.37934256465876,79.46070586103183,80.10326880467575,3052500
2015-10-13,78.75480651855469,79.9946859186828,78.55570799652308,79.668878293901,2348000
2015-10-14,82.82737731933594,83.54234351593885,78.40183274553794,79.39735966786508,5054500
2015-10-15,85.15325927734375,86.12163651885889,83.62378141566116,83.63283354163534,4891000
2015-10-16,84.36591339111328,85.23473122586547,83.65999933192403,85.00847636562531,2196500
2015-10-19,84.54691314697266,85.24378197187693,83.45184046973047,84.6374137086517,2059100
2015-10-20,83.25276184082031,84.51979082568224,82.90885683404096,84.51979082568224,2428100
2015-10-21,82.64636993408203,84.76411888473638,82.40201773830458,83.88624897682303,2379400
2015-10-22,88.64666748046875,88.77336967269231,84.17587533039811,84.17587533039811,8384300
2015-10-23,86.96331787109375,88.41135455210726,84.79127665907473,87.41582760772282,6429100
2015-10-26,82.72782897949219,86.2121523858856,82.45632039000688,85.61483625091803,3659800
2015-10-27,81.7232437133789,83.70523124056078,80.70961963447257,82.49250872012296,3331700
2015-10-28,82.28437042236328,83.33419634566502,81.19834979562077,82.99028452022098,4979300
2015-10-29,66.0664291381836,73.27038414440715,65.64106883212274,67.63211604489145,36651700
2015-10-30,70.90827178955078,71.297430425196,66.15691972643491,66.30172615121003,15331100
2015-11-02,69.35161590576172,72.8178409537317,68.69095578409014,70.26568719280891,7128200
2015-11-03,71.03500366210938,72.3653839008398,68.83580522568329,68.83580522568329,5360900
2015-11-04,72.38345336914062,72.44680444982951,70.72726623930969,71.19787328089146,4556900
2015-11-05,71.94905090332031,73.08032528859265,70.87207547902076,72.49206122730085,3325100
2015-11-06,73.20703887939453,73.55094386041733,71.7318593367483,71.95811424907298,3595600
2015-11-09,73.41517639160156,73.82243236068835,72.09384889296987,73.11651833173786,2475400
2015-11-10,72.91741180419922,73.29751828996308,71.17977623663589,71.94904133537226,4471000
2015-11-11,73.61431121826172,74.79083978410098,72.68214187836381,72.69119401018662,2614000
2015-11-12,71.8947525024414,73.66858992379734,71.53274331538385,73.0803258579227,3261900
2015-11-13,70.42860412597656,72.33819546849494,70.32905144709649,71.60513201924128,3013200
2015-11-16,71.25218963623047,71.69564726638411,70.0213625403032,70.32001373340613,2912900
2015-11-17,70.97161865234375,71.90378751594346,70.60960951669095,71.41508312327466,2485200
2015-11-18,74.13014221191406,74.47404709747863,70.66391626008551,70.72726734176189,3997400
2015-11-19,73.23416137695312,74.19348654692493,72.6097027442845,73.79527583845552,2053500
2015-11-20,72.19342041015625,73.79530918973478,71.58705885167286,73.79530918973478,2332500
2015-11-23,71.09831237792969,73.08030680927368,70.84490808446544,71.55987414373907,3498800
2015-11-24,75.42431640625,76.48319439291737,72.40155480732437,72.41060693500538,6991400
2015-11-25,76.45603942871094,77.38820827520972,74.92655448363051,75.50576632814916,3344400
2015-11-27,79.967529296875,80.32953850373968,76.71850546882241,76.83616243128544,4197400
2015-11-30,84.58308410644531,84.58308410644531,80.02178702201772,80.09419020702794,26237400
2015-12-01,85.15325927734375,85.1985130024656,83.23462285575988,83.91338730409358,8001400
2015-12-02,83.18939208984375,85.2618876059747,82.7640318134008,84.41116705308882,5279900
2015-12-03,81.37936401367188,84.96324094373618,80.99020529399371,84.15777402005958,5652300
2015-12-04,81.85902404785156,82.5377887809341,80.09423850373777,81.31601364233593,5782300
2015-12-07,78.05792236328125,82.34771233722027,77.91311594664619,82.34771233722027,7653000
2015-12-08,79.23445892333984,79.9675224989797,76.836155899582,77.0171570352521,5253200
2015-12-09,78.04886627197266,79.05343829591902,77.33390016183742,78.59187649727482,5150500
2015-12-10,80.05803680419922,81.35221517008928,77.2705746461665,78.43805081439615,5091500
2015-12-11,75.37001037597656,79.50594852998549,75.2976071708244,78.44707754744648,3399700
2015-12-14,75.51483154296875,75.77728803437086,74.07584690455738,75.27047240401633,4774600
2015-12-15,75.94921875,76.91758913438724,75.11660264290524,75.17090159192249,3784500
2015-12-16,77.75926208496094,78.01266640207932,75.98542496038242,76.49223359461921,2493700
2015-12-17,76.54654693603516,79.39735959185542,76.49224107366446,78.65524391712685,2701100
2015-12-18,76.11212158203125,77.43344892856184,75.1256538614756,76.01256890686977,3229700
2015-12-21,77.18006134033203,77.81357912895601,76.45604988801279,77.15291186027329,1657800
2015-12-22,77.17100524902344,77.79547087730877,75.94018515281314,77.05335520656044,2214300
2015-12-23,76.50128173828125,77.4606000044934,76.11212315589812,77.1981504788217,2615100
2015-12-24,78.21178436279297,78.8815037713202,76.50129804202246,76.82710561785977,1076200
2015-12-28,77.72306060791016,77.8316654174584,76.38363581389751,77.68685900472741,1312100
2015-12-29,78.12129211425781,78.33849488636882,76.36555186908542,77.70498392406519,1988300
2015-12-30,77.6144790649414,78.42899804638665,77.44252313976095,77.64162854686438,1397900
2015-12-31,76.24789428710938,77.71402838997244,76.15739371638347,77.31581759307733,2140000
2016-01-04,76.41983795166016,76.6913396203053,73.80433251997115,74.21158847531379,2524200
2016-01-05,74.56455993652344,77.61447829609725,74.41976039945158,77.18911800418104,3226500
2016-01-06,72.71830749511719,73.89483547840972,71.41508425280477,72.89931551818147,5269100
2016-01-07,68.78148651123047,71.47844783620874,68.69098593624489,70.52817453698202,6899900
2016-01-08,68.03936767578125,70.43767078071278,67.43300625553752,68.73622966692314,6958500
2016-01-11,69.8855972290039,70.49195855299892,68.27466384656945,68.50091869027654,4091200
2016-01-12,70.39241790771484,71.28838530869093,68.84483534066486,70.58247118036122,5373800
2016-01-13,67.19770050048828,71.46939381214818,66.99859509794888,70.5010231855029,3724700
2016-01-14,67.43299102783203,67.77689588148489,63.550457341720644,66.98048137077592,6260000
2016-01-15,62.12956619262695,64.32876300912825,60.572932145753846,63.59569280046237,9610400
2016-01-19,61.930484771728516,64.42834052951711,61.55942346178582,63.251812415516824,4594100
2016-01-20,64.08444213867188,64.86275962565799,60.73587204238451,61.08882916965119,6683700
2016-01-21,65.21569061279297,66.59132385899635,63.95771429835341,64.6455309214551,4486000
2016-01-22,67.62305450439453,68.37422230609697,66.39222749827383,66.60943023325088,3519500
2016-01-25,65.50531768798828,67.42396177038643,65.30621917134236,67.07100467054575,2993100
2016-01-26,64.85372924804688,66.53705990707162,64.41026452630948,65.84019762324037,3332900
2016-01-27,63.93962097167969,65.3423968764678,63.35135699010727,64.13872634126572,2873000
2016-01-28,63.604766845703125,65.02564712845202,62.79930007486302,64.39213626534763,2555000
2016-01-29,67.6773452758789,67.68639740262691,64.03011843313986,64.74508454174062,3535900
2016-02-01,69.08916473388672,69.63218179592126,66.71801876929749,66.91712410474365,3018700
2016-02-02,65.95781707763672,68.35612007553073,65.4510083794254,68.03031251103755,3694800
2016-02-03,64.05728149414062,66.7542427428093,62.663550583593846,66.54608521195607,5659400
2016-02-04,69.06204986572266,69.68651565710574,64.97136393277314,67.16150991057022,10316400
2016-02-05,63.98487854003906,69.22494249079067,63.68622734027169,68.2927734719158,4636000
2016-02-08,57.921241760253906,62.79929578737028,56.49130944715762,62.50968985475902,10308500
2016-02-09,59.31498336791992,60.500556793531445,55.75825618633401,55.80350647429903,5350200
2016-02-10,59.86703872680664,61.69517499995798,59.46882795444177,59.86703872680664,5712800
2016-02-11,58.88962173461914,60.37385324152484,58.32850712893481,58.482365699764365,4432500
2016-02-12,60.907814025878906,61.36936899122852,58.60001158012802,59.86704023848633,3073800
2016-02-16,62.84455871582031,63.333270093258555,61.45987993212082,62.35584733838206,3921500
2016-02-17,63.668128967285156,64.95325517218446,62.50065282742534,63.288022383540586,4388200
2016-02-18,61.179325103759766,63.921533455340786,61.02547342506586,63.74958442228655,5764800
2016-02-19,60.156654357910156,60.93497177199796,59.758443521469424,60.93497177199796,4105500
2016-02-22,63.269920349121094,63.34231666584697,60.63631013208859,60.77206444617038,3631400
2016-02-23,61.758506774902344,63.39659618235134,61.69515570863073,63.351342461550885,2433700
2016-02-24,63.360408782958984,63.487110943890634,60.33764046062557,61.07071085430144,2874000
2016-02-25,64.16587829589844,64.20207990128931,61.65897063439478,63.84007075213081,2732100
2016-02-26,65.36956787109375,65.62297225094159,64.14778590364651,64.69984840463707,2827300
2016-02-29,64.47358703613281,66.4284324640297,64.28353377032353,65.66821249604176,2805500
2016-03-01,67.17961883544922,67.53257598428104,64.3469026092442,65.16142176222252,3610400
2016-03-02,68.37421417236328,68.70906691046278,67.17958891497535,67.1976862637579,2994100
2016-03-03,67.44206237792969,68.53714224844035,66.60944594351437,68.4647390181211,2672800
2016-03-04,69.35161590576172,70.98970528438558,68.2293940780913,68.47375311851644,4278700
2016-03-07,69.66841125488281,70.88113419431086,68.27468025413987,69.29734990775088,3721800
2016-03-08,68.31088256835938,69.49645603696091,67.44205767462289,68.97154301088099,2905500
2016-03-09,69.44215393066406,69.66840882083926,67.33345669709085,68.38327579703314,2803900
2016-03-10,69.8855972290039,70.98972197105445,68.22941011592809,70.06659834206963,2697400
2016-03-11,70.68202209472656,70.9444785802486,69.88560741451376,70.60057365340121,3944200
2016-03-14,71.32456970214844,71.70468306044063,70.09374288660558,70.59150626963739,2373000
2016-03-15,71.55987548828125,71.69562976368755,69.91274064506642,71.04401476553674,4006800
2016-03-16,72.302001953125,72.4920552054932,70.76347167885842,70.99877176002839,4340200
2016-03-17,73.50566101074219,73.6685647440003,71.64132365603712,71.64132365603712,3757700
2016-03-18,75.46051788330078,75.54197322279002,73.52377684789377,73.71383010036826,4420800
2016-03-21,74.8903579711914,75.65962310716597,74.13014496286368,74.83605901481094,2140500
2016-03-22,75.17093658447266,75.225242463519,73.65955529210727,73.9401091989618,1957400
2016-03-23,73.50566101074219,75.42429730828378,73.4332578171278,75.34284889402902,2043200
2016-03-24,73.53282928466797,73.59618036909244,72.00334422602677,72.85406470665565,2743400
2016-03-28,73.18893432617188,73.99440118244776,72.33821372998108,73.76814629237586,1402000
2016-03-29,73.9310531616211,74.18445754427164,71.89475906635575,72.79977866425146,2776800
2016-03-30,73.98534393310547,74.30209937633374,73.25228034952707,73.29752718155922,4776700
2016-03-31,73.36991882324219,74.14823602081165,72.86311019403406,73.88577957932895,4030100
2016-04-01,74.25684356689453,74.38354572886797,72.4468047904169,72.59160430206514,2544400
2016-04-04,73.82245635986328,74.64602759787626,73.18894533427816,73.48759658648125,2001500
2016-04-05,73.41517639160156,74.02153773393081,72.76356131726263,72.93551030844924,1878300
2016-04-06,75.13470458984375,75.27045887544548,72.8721561789809,72.8721561789809,1848400
2016-04-07,73.54190063476562,74.84512426995585,73.29754145615036,74.66412309707592,2119700
2016-04-08,74.88130187988281,76.55558635890918,74.45594166475045,75.57817067204645,3480100
2016-04-11,75.09851837158203,76.24789005599762,75.06231676435036,75.60532706332427,2609300
2016-04-12,74.8360595703125,75.56912310589145,73.87673427038472,75.56912310589145,2561200
2016-04-13,76.971923828125,77.33392616354142,75.20713137158614,75.5238868674515,4156400
2016-04-14,77.3701171875,77.48777414468205,75.78633302021198,76.31124600136768,5620400
2016-04-15,76.36553192138672,76.8813926858704,76.02162704664754,76.41078565176679,5343000
2016-04-18,76.13927459716797,76.63703799612453,75.67771970513508,76.03972191737665,3026100
2016-04-19,75.01707458496094,76.32935025169033,74.17540607523574,76.08499799617407,3008900
2016-04-20,76.93572235107422,77.47873275992086,75.18903415103699,75.65964133077023,3012000
2016-04-21,76.1483383178711,76.89950614166574,75.80443340198049,76.77280396714022,1610000
2016-04-22,76.37460327148438,77.28867499818018,74.93562542591272,75.79539128153398,3385700
2016-04-25,75.42431640625,76.63704603974286,74.11204098726738,75.8315792948914,4559400
2016-04-26,78.45613098144531,81.26168963271324,77.67781377496618,78.85433480691735,18172500
2016-04-27,80.492431640625,80.52863324699182,77.7773733058677,77.83167226304272,6553000
2016-04-28,77.7140121459961,82.51966256598737,77.18004715224733,79.86795565995415,5494400
2016-04-29,77.18006134033203,78.21178301106882,75.69582992261417,78.05793135423545,8047500
2016-05-02,78.1393814086914,78.38374054376983,76.36554399245003,77.03526340323829,3664500
2016-05-03,77.35201263427734,77.85882131110951,76.48319480052919,77.53301376036016,3522600
2016-05-04,75.85874938964844,77.41538434581946,75.7682488024936,76.59181312178043,3343700
2016-05-05,77.14385986328125,78.0488793587835,76.77280546059573,77.73212391630787,4980200
2016-05-06,77.25248718261719,78.13035745363032,76.247914697721,76.87238054096804,2762600
2016-05-09,76.96286010742188,78.28418776600044,76.53749983214126,77.406317734847,2246600
2016-05-10,77.89501953125,78.1846254632438,76.70944632601754,77.24340445807641,1997500
2016-05-11,77.46062469482422,78.61905558947214,77.39727359865026,77.41537785741518,1574600
2016-05-12,75.34286499023438,77.83166833826014,74.16633700926764,77.40630811583755,4273500
2016-05-13,75.17997741699219,76.68231325770465,75.11662632158573,75.65058456790422,2761900
2016-05-16,76.89950561523438,77.7773756075449,76.02163562292384,76.73660183413809,2734800
2016-05-17,76.70040130615234,77.75927244580508,76.2750410437062,77.51492022309702,2223700
2016-05-18,78.76384735107422,79.20730498046208,76.52844804240839,76.89045722965909,3737800
2016-05-19,78.22083282470703,79.50595881096496,77.41536605129534,78.75479099606397,2042500
2016-05-20,79.99466705322266,80.37477355757544,78.73669059494777,79.1892003110107,4149400
2016-05-23,80.51055145263672,81.78663254025982,80.38384924738011,81.00831504811076,2578200
2016-05-24,82.88168334960938,83.18034142691235,80.77298636222845,81.76850638182123,5218800
2016-05-25,83.21653747558594,83.9858095486182,82.35677174128594,83.42469499170363,2923500
2016-05-26,82.65542602539062,83.69619974865414,82.30246900081217,82.80022554341626,2527100
2016-05-27,83.37041473388672,83.96772412739081,82.50159667667485,82.69164997936944,2960900
2016-05-31,85.51527404785156,85.51527404785156,83.50613004248605,83.99484130633843,29172300
2016-06-01,85.3795394897461,85.38859161841285,84.5831247858493,85.16233673500172,4372000
2016-06-02,84.61930847167969,85.16231869589562,84.22109775170485,85.02656441365424,3927300
2016-06-03,83.32514953613281,85.07183754054903,82.98124459348783,85.07183754054903,4373100
2016-06-06,81.68708038330078,82.17579185183322,81.5694234027869,82.0490896457047,6656800
2016-06-07,81.89521026611328,82.22101782912212,81.71420913321975,82.22101782912212,4624200
2016-06-08,81.9042739868164,82.04002830807637,81.5151152817387,81.9042739868164,3583100
2016-06-09,81.71424102783203,81.89524223137374,80.87257231233176,81.45178444936923,2590600
2016-06-10,80.03087615966797,81.17120268434938,79.60551588194349,80.77299188737312,3477100
2016-06-13,79.09869384765625,80.43811864061564,78.96293956201515,79.09869384765625,3125100
2016-06-14,79.07156372070312,79.777477893078,77.6868779540238,79.67792518623011,4106600
2016-06-15,77.82261657714844,79.55120695219152,77.66876493568651,79.37925105599874,4512600
2016-06-16,77.94932556152344,78.01267664912426,75.8677848941029,76.95380551147443,3679000
2016-06-17,76.94476318359375,78.03984297335121,76.15740055237758,78.03984297335121,3921000
2016-06-20,77.24339294433594,78.98102827729048,77.08048920032464,78.71857876642413,3167200
2016-06-21,77.7140121459961,77.94026697789397,77.19815140545889,77.72305736785236,2473100
2016-06-22,77.75926208496094,78.65523622659353,77.3248566569722,77.3882077362518,2601700
2016-06-23,79.06249237060547,79.08964184682704,78.34752624285511,78.54663160814633,3102700
2016-06-24,72.46489715576172,76.19357926454686,71.31552564984527,73.78622454313594,10072100
2016-06-27,67.91264343261719,70.59149950847139,66.62751779101292,70.13898989623759,10707300
2016-06-28,69.20684814453125,70.59152699231254,68.50997920371557,70.40147370974955,4755700
2016-06-29,70.88111877441406,71.88569085572882,70.33810851810203,70.71821500704544,5336200
2016-06-30,70.89920806884766,71.07116394396346,69.06202000960768,70.86301337332256,7010100
2016-07-01,70.5643539428711,70.97160985452732,70.19329272601841,70.43765179681142,2921200
2016-07-05,69.17970275878906,70.22046980997006,68.6909913297923,70.10281974372617,3396800
2016-07-06,68.82674407958984,69.25209749615748,67.91267234046232,68.7271913701427,3073800
2016-07-07,69.20684814453125,70.35621996900777,68.71813674447584,68.998690603771,3734700
2016-07-08,71.63227844238281,71.69562951672096,69.52358183195001,69.74078452900234,3609100
2016-07-11,72.25675964355469,73.09842812554118,72.13910958436892,72.62782098404669,3821200
2016-07-12,72.95362091064453,74.0939473899543,72.65496282479543,73.12557682154262,3604000
2016-07-13,73.01695251464844,73.71381429093195,72.77260035808766,73.48755948107059,3033000
2016-07-14,72.02147674560547,72.45588237935169,70.79970140665878,71.40606301050411,9805900
2016-07-15,72.11194610595703,72.6278068880372,71.9490423376817,72.37440256066449,2465300
2016-07-18,73.96725463867188,74.05775521734543,72.76357691853416,72.90837646346152,4206800
2016-07-19,73.7952880859375,74.59170273030436,73.55998109144821,74.14824512529616,2725600
2016-07-20,76.17546844482422,76.79993393544586,74.03962246722588,74.35638472781586,6433200
2016-07-21,75.37907409667969,76.60990115457817,75.23426766410304,76.21169036974315,6805200
2016-07-22,76.38363647460938,76.59178706377341,74.40164183789612,74.98085368433061,4128400
2016-07-25,75.97638702392578,76.8904586854715,75.69583317825129,76.18454455458016,3737900
2016-07-26,79.55120849609375,79.58741010150798,77.07145721559567,77.07145721559567,9906500
2016-07-27,79.13490295410156,80.63723165132582,78.76384166514983,80.38382730996874,6739700
2016-07-28,76.33838653564453,79.46070767093391,75.17091065772766,76.63704460075704,8976100
2016-07-29,76.10310363769531,77.67784289495886,75.34289040019075,76.41081392769887,4311000
2016-08-01,76.22978210449219,76.47413428838892,75.70486922975151,76.41078321073054,3791500
2016-08-02,74.0758285522461,76.57368376127071,73.91292480155428,76.48318321194179,5219700
2016-08-03,75.25238037109375,75.31573146627241,73.95820207979959,73.99440369200906,2269100
2016-08-04,76.24789428710938,76.3836485955737,74.92656662120852,75.53292804029812,2553900
2016-08-05,77.59637451171875,78.11223538054477,76.36554736772136,76.45605484678832,2337900
2016-08-08,77.75926208496094,78.81813308352697,77.20719972063168,77.83166529120898,2420100
2016-08-09,78.16653442382812,78.70954472706083,77.9221752992855,78.05792960128133,1749600
2016-08-10,77.57827758789062,78.36564018401924,77.17101464409016,78.33849070204947,1850700
2016-08-11,77.99456787109375,78.50137649765121,77.55111032285598,78.1755689792215,1812300
2016-08-12,77.85881805419922,78.19367771867032,77.33390514386618,77.37010674851847,1398500
2016-08-15,80.11231231689453,80.36572354277007,78.121272446836,78.41993049876974,3135000
2016-08-16,79.10775756835938,80.1213749862319,79.03535435143968,80.09422550607471,2660400
2016-08-17,79.87702178955078,79.91322339757077,78.80004639139581,79.19825717486502,1880500
2016-08-18,79.27971649169922,80.31143829519603,79.0987153315162,80.05803390903915,1955000
2016-08-19,79.9856185913086,80.58293475816677,79.25255502721049,79.26160715527669,2533500
2016-08-22,79.75936889648438,80.19378131008209,79.45166556978059,79.75936889648438,1797200
2016-08-23,80.42002868652344,80.7005825058305,79.39735919618607,80.43812603738985,2017600
2016-08-24,79.05343627929688,81.32503670750044,78.62807609382355,80.21185990499049,2977800
2016-08-25,79.28876495361328,80.0851796882325,79.10776380180252,79.11680902606712,2453700
2016-08-26,80.08516693115234,80.80918523256635,79.05344533972504,79.2616028454254,2399100
2016-08-29,80.492431640625,81.04449405440569,80.25712465161592,80.26617677939522,1590000
2016-08-30,80.0942153930664,81.09878746054588,79.68695943262875,80.72772619924719,1894200
2016-08-31,79.65979766845703,80.00370942978807,79.19824278574873,79.75935034623713,2155700
2016-09-01,79.59642028808594,80.53764090030522,79.08961184487062,79.98557874405402,3157100
2016-09-02,79.7774658203125,79.86796638427377,79.15300019090398,79.86796638427377,2126100
2016-09-06,79.48786926269531,79.6236235770491,78.30228894907351,79.54216822653632,3001200
2016-09-07,78.38371276855469,79.44258356601527,78.36560851805622,79.30682930627067,2929600
2016-09-08,77.73212432861328,78.59189009200045,77.25246509821302,78.29323890451121,3393900
2016-09-09,73.66858673095703,76.86330437663335,73.50568294907903,76.74565433045782,5737500
2016-09-12,75.03518676757812,75.2976364048378,72.51922619735136,73.29754369304159,4312400
2016-09-13,74.66410064697266,75.39716415289564,73.81338019977804,75.25236463908064,3462900
2016-09-14,75.6143798828125,75.6143798828125,74.13014849649362,74.13014849649362,2848600
2016-09-15,77.41535186767578,77.6959056415804,75.37000631325199,75.55101431637539,2851200
2016-09-16,75.79537963867188,78.03983093352517,75.52387103926002,77.71402337613112,3917900
2016-09-19,75.1075668334961,76.51034982902195,74.52835490231466,76.33839391344435,3383500
2016-09-20,74.92655944824219,75.93113156805592,74.64600563442494,75.81347462310006,2345400
2016-09-21,75.46051788330078,75.72297434759896,74.79080543580731,75.2704646308263,1896200
2016-09-22,76.37460327148438,76.50130546273905,75.75918966906812,76.29315482199989,1845300
2016-09-23,75.93113708496094,76.92665714947456,75.59627738577646,76.04878713371455,2730500
2016-09-26,74.6912612915039,75.786334102816,74.57361123739226,75.16187531745275,2711500
2016-09-27,74.60077667236328,75.29763882686044,73.97631084870488,74.41977548813747,3477000
2016-09-28,74.42881774902344,75.47864390901869,74.03965900416345,74.7003264192987,2563000
2016-09-29,86.99046325683594,88.77334559374917,73.75907774497266,74.31114010624138,24577600
2016-09-30,92.32103729248047,94.70123599287523,90.2304376391123,90.2304376391123,23753400
2016-10-03,92.99980163574219,95.02704329265536,92.29388756175683,93.19890702168689,6897100
2016-10-04,93.42517852783203,94.98180647619235,92.76451116631289,92.99981820113841,5738100
2016-10-05,92.76448822021484,94.40257111975423,92.63778605697699,93.38895381385143,4683700
2016-10-06,93.66046905517578,95.28950696809862,91.24406857163277,92.76450165544374,10835100
2016-10-07,93.20795440673828,94.04962280018498,92.39343549295913,93.95912223304299,4721400
2016-10-10,93.06315612792969,93.85957079610732,92.35724202810734,92.63779586143397,3123500
2016-10-11,92.24862670898438,93.00883968238757,91.12640459859158,93.00883968238757,4392800
2016-10-12,92.98170471191406,93.39801286773961,91.18071777796739,91.87757977897404,2853400
2016-10-13,92.16719055175781,92.3119969985853,90.77346647717611,92.19434693910154,3388200
2016-10-14,91.76896667480469,93.29844473447231,91.52460757511376,92.63778445256705,2078300
2016-10-17,91.29834747314453,92.2576726576326,91.04494316564752,91.2893022512693,1857700
2016-10-18,91.9952392578125,92.5201522574868,91.63323005442501,91.9952392578125,1280500
2016-10-19,91.43412780761719,91.99524243749948,91.29837348856081,91.58797948033038,1939100
2016-10-20,94.56552124023438,97.32583451682017,89.94992143269637,90.9363966497275,7829100
2016-10-21,92.04952239990234,95.53384571101427,91.22595833588503,95.37999407006323,14438900
2016-10-24,92.16719055175781,92.3119969985853,90.96351976007361,91.96809204449715,3358500
2016-10-25,91.08116912841797,91.99524082901391,90.95446694078107,91.99524082901391,3971000
2016-10-26,89.28923034667969,91.54272704816262,88.57426408778728,90.87301452777332,6458000
2016-10-27,89.66934204101562,91.13546934807358,89.3616317919809,90.82776600379032,36614100
2016-10-28,90.30284118652344,90.73725356816767,89.77792823925559,90.27569170731141,13881200
2016-10-31,90.50193786621094,90.77344644170952,90.24853354494553,90.32998197474517,7926700
2016-11-01,90.09468078613281,90.54719046983061,89.8955754205458,90.5019367395609,6967000
2016-11-02,89.62409210205078,90.20330410801013,89.5969426181389,90.05850455889616,5181900
2016-11-03,89.36161804199219,90.13993531686337,89.31637121260457,89.82317989214845,4918500
2016-11-04,89.32540893554688,89.82317235026946,88.9815040611248,89.34351318958214,3284600
2016-11-07,89.34352111816406,89.9046287575548,89.28017003291832,89.69647815092613,5906800
2016-11-08,89.60598754882812,89.98609410256057,89.18967938453765,89.4159342719619,4715300
2016-11-09,88.04032135009766,89.37975363606297,87.79596905242809,89.14444656459214,7985400
2016-11-10,87.41584014892578,88.2937102686908,86.77327705929662,88.15796285202744,8361900
2016-11-11,88.44757843017578,88.73718445834942,87.33440115968666,87.33440115968666,3810200
2016-11-14,87.55157470703125,88.69190108285511,87.43392467089666,88.69190108285511,4583200
2016-11-15,88.51091766357422,88.72812042938904,87.18053777654957,87.45203950763023,3477500
2016-11-16,88.5380630493164,89.31638040428538,88.40230873768208,88.52901092060715,2306800
2016-11-17,88.7462158203125,89.20777772911924,88.37516139128253,88.69191685624745,2281700
2016-11-18,89.48831939697266,89.6421779487906,89.00866020037934,89.15346662450203,2341900
2016-11-21,89.22586822509766,89.98608818734083,88.97246387260019,89.85033388285981,2814100
2016-11-22,89.4521255493164,89.823186864751,88.99961579181137,89.5516782483476,1986900
2016-11-23,89.89557647705078,90.06752546364692,89.1444087361443,89.23490929299751,2021800
2016-11-25,90.05850219726562,90.13089851754825,89.7236424600461,89.95894948903148,1465600
2016-11-28,89.65123748779297,90.5019581034862,89.56073691063978,90.47480862081538,4654700
2016-11-29,89.46116638183594,90.00417664132772,89.20776205438978,89.5969206728964,2853700
2016-11-30,89.73268127441406,89.91368240539022,89.44307532200187,89.78698023275679,4324200
2016-12-01,88.46566009521484,89.95894371818149,88.46566009521484,89.61503187370668,5486600
2016-12-02,88.6647720336914,89.18968506307617,88.46566661532121,88.69192151715069,3091500
2016-12-05,88.51091766357422,88.99962216046968,88.37516334565818,88.9091215834428,2825600
2016-12-06,88.51997375488281,88.87293088194356,88.25751721595903,88.29371883216427,2247000
2016-12-07,89.04486083984375,89.09915979592517,88.30274518614634,88.6919038158139,2364100
2016-12-08,88.8276596069336,89.58787262387936,88.80051012843559,89.28016932790142,2020000
2016-12-09,88.99057006835938,89.21682494584137,88.69191197294292,89.09916799051015,1962200
2016-12-12,88.81861114501953,89.14441870994354,88.74620792953627,88.81861114501953,1954900
2016-12-13,88.87291717529297,89.2530306344479,88.76431924817831,89.0086714889375,3244200
2016-12-14,88.5380630493164,89.04487178101672,88.51091356793977,88.8729158592965,3679800
2016-12-15,88.49280548095703,88.95436735863902,88.42040226391852,88.46565600075529,4155400
2016-12-16,87.9588394165039,88.60140237450615,87.79593564512656,88.5289991639495,4929700
2016-12-19,87.904541015625,88.25749806610214,87.82309257539987,88.04934744902629,2346500
2016-12-20,87.87738037109375,88.48374169823667,87.65112552621207,88.06743361222438,2765900
2016-12-21,88.42040252685547,88.46565626382682,87.7416379007903,87.78689163776164,1787900
2016-12-22,88.58330535888672,88.61046174362744,88.13984774129895,88.32990100597942,1802300
2016-12-23,88.87291717529297,89.14442580258203,88.51091487857585,88.60141545275512,1053100
2016-12-27,89.59693145751953,89.78698472598053,89.04486900423959,89.05392113266656,1506600
2016-12-28,89.04486083984375,89.75982701550045,89.01771136180304,89.69647593182202,2359300
2016-12-29,88.78243255615234,89.27114403024798,88.7009840961793,89.05394123223407,1823300
2016-12-30,88.70095825195312,89.09011689174898,88.40230017623179,88.83671255044014,2235200
2017-01-03,88.38421630859375,88.91817455141567,88.28466360149957,88.91817455141567,2392800
2017-01-04,88.96341705322266,89.01771601214071,88.37515301419157,88.3932503655807,3949700
2017-01-05,89.05392456054688,89.40688163052494,88.8548191559949,89.12632778124781,2181800
2017-01-06,88.8819580078125,89.34351985364188,88.68285262707235,89.32541559825623,2849000
2017-01-09,88.79145050048828,89.11725802444424,88.66474834169982,88.91815265927673,2189600
2017-01-10,89.2620849609375,89.40689141819179,88.9272321118528,89.1806365072959,2767700
2017-01-11,89.1263198852539,89.24396992990653,88.94531184953767,89.1353651084768,1726500
2017-01-12,88.96341705322266,89.21682140117437,88.92721544569376,89.13536605804667,1574900
2017-01-13,89.03581237792969,89.25302202069867,88.66475798817947,88.8819607261979,2074800
2017-01-17,88.34799194335938,89.25301129859037,88.33893981647715,89.14440649025275,5503300
2017-01-18,88.70095825195312,88.99960942292401,88.56520395346612,88.77335456036248,1936200
2017-01-19,88.7462158203125,88.92722387511479,88.51996093037309,88.81861904223342,2464300
2017-01-20,88.51091766357422,88.97247267783676,88.4023128282911,88.87291997168177,2743500
2017-01-23,86.8818588256836,88.4203889804885,86.8818588256836,88.2393878698349,9077800
2017-01-24,87.515380859375,88.07649542207791,86.93616894518199,87.09002750422596,4200400
2017-01-25,88.23941040039062,88.51996426496369,87.6330489296514,87.6330489296514,3859500
2017-01-26,88.02217864990234,88.34798614879644,87.8864243745716,88.17603027306087,3113400
2017-01-27,88.58330535888672,88.68285805535041,88.05839930132906,88.14889986954586,2484500
2017-01-30,88.71001434326172,88.87291814045405,88.01315231928697,88.73717073008652,2971400
2017-01-31,88.55614471435547,88.84575063898814,88.20318770948285,88.46564415754837,2699400
2017-02-01,88.46566009521484,89.21682797106641,88.46566009521484,89.044872048829,4621000
2017-02-02,89.60598754882812,89.90463875261722,88.7824164443233,88.7824164443233,3450400
2017-02-03,90.01324462890625,90.0494462398844,89.50643588471475,89.59693645978447,1840300
2017-02-06,90.54719543457031,91.63321597309206,90.28473897506501,90.36618740831655,12649600
2017-02-07,91.65132904052734,91.66038116957992,90.90016804319662,91.09022132479244,2716600
2017-02-08,92.3843765258789,92.45677973072159,91.44315557717289,91.83231417226528,3419200
2017-02-09,91.94998931884766,92.4658502109537,91.90474248202348,92.31199853719875,1995400
2017-02-10,92.30293273925781,92.59253869010209,92.08573000231223,92.09478213023719,2131100
2017-02-13,92.54729461669922,92.75544523192005,92.17623331297841,92.40248818458845,1460300
2017-02-14,92.56539916992188,92.75545244829036,92.23054635292795,92.3119947987639,2148800
2017-02-15,92.8368911743164,92.9816906870122,92.53823311689693,92.53823311689693,1725100
2017-02-16,92.75545501708984,92.98170991256848,92.68305869814779,92.90026146447687,1070000
2017-02-17,92.67399597167969,93.01790088777099,92.47489058166606,92.59254062815108,1335400
2017-02-21,92.8550033569336,92.99075766878715,92.502046288965,92.502046288965,1530000
2017-02-22,92.90025329589844,93.11745604312921,92.67399842031405,92.85499955888122,1576900
2017-02-23,92.845947265625,93.11745587774438,92.72829721624038,92.90025313089937,1368300
2017-02-24,93.06315612792969,93.0903056079612,92.48394420475489,92.49298942826489,2153600
2017-02-27,93.0450439453125,93.11744715572934,92.82784121881218,92.83689334630184,881100
2017-02-28,93.0450439453125,93.37990361492771,92.58348901459311,92.90024442922902,1650200
2017-03-01,93.39801788330078,93.6152275538967,93.18081511745629,93.39801788330078,1797600
2017-03-02,93.7690658569336,93.93196963428005,93.262257173967,93.32560825933783,4282400
2017-03-03,93.99533081054688,94.06773403152938,93.6152242575155,93.86862862620308,1483700
2017-03-06,94.02247619628906,94.21252946452539,93.48851800049427,93.71477287764479,1535300
2017-03-07,93.91389465332031,94.22160495300513,93.72384133796467,93.99535001975994,2881800
2017-03-08,94.00438690185547,94.14918644517293,93.80528148813642,93.83243097096148,5757300
2017-03-09,94.04962158203125,94.14012214800104,93.89576992940754,93.9048220574297,3101400
2017-03-10,94.32113647460938,94.33018860323519,94.03153050134296,94.21253164535283,3012900
2017-03-13,94.11298370361328,94.52929187968773,93.9410346795345,94.21253640927797,3592500
2017-03-14,93.94102478027344,94.1039285628537,93.85956943660797,94.03152534731788,1669500
2017-03-15,93.89578247070312,94.09488788528077,93.868632987761,93.94103621210769,2702000
2017-03-16,93.57901763916016,94.09487847773975,93.47041281349836,94.01342313230569,3891400
2017-03-17,93.46137237548828,93.56092508527612,93.13557166725279,93.39802127878254,3096600
2017-03-20,93.51567077636719,93.66952244111087,93.36181911162352,93.44326755598742,1158100
2017-03-21,93.16271209716797,93.67857295014015,92.9002556063925,93.3980122022072,3273500
2017-03-22,92.97266387939453,93.20796399722437,92.85500691572823,93.06316445584842,2040700
2017-03-23,92.94550323486328,93.19891450397876,92.87310691986707,92.98170484473691,1720600
2017-03-24,93.20795440673828,93.36181296610539,92.8549973615591,93.04505062398245,2153500
2017-03-27,93.4161148071289,93.5428169859863,92.94550079587209,93.14460619257683,1182200
2017-03-28,93.37991333007812,93.69666877766895,93.18986006152363,93.28036063158517,1246300
2017-03-29,93.77810668945312,93.82335351369646,93.35274649401804,93.36179862076655,1622900
2017-03-30,93.89578247070312,94.384493877916,93.34371996837477,93.51567590001028,1697000
2017-03-31,93.6695327758789,94.12204259605222,93.56092793332662,94.06774362715204,3326800
2017-04-03,94.36637115478516,94.50212544768428,93.66950924486991,93.83241301539883,2955100
2017-04-04,95.07231903076172,95.26237233276224,94.43880111934116,94.80081036804546,7817400
2017-04-05,94.8460464477539,95.461459984501,94.67409053307799,95.461459984501,3961200
2017-04-06,94.4840316772461,95.02704196466553,94.42972581517886,94.98178823040124,3719200
2017-04-07,94.61978912353516,94.84604399288388,94.52928165199515,94.57453538776515,4128600
2017-04-10,94.27587127685547,94.73743311415345,94.27587127685547,94.57452934244535,2051200
2017-04-11,94.09487915039062,94.52023942300154,94.00437858073424,94.16728236801607,2272100
2017-04-12,93.84148406982422,94.11298580563171,93.81433458671863,94.0496347101348,3112300
2017-04-13,93.42517852783203,94.0315400168519,93.38897691441643,93.8505319497739,2697600
2017-04-17,93.37086486816406,93.84147889856571,93.37086486816406,93.66952297537074,1998900
2017-04-18,93.49754333496094,93.75094763870413,93.36179596134811,93.39799065781192,1495300
2017-04-19,94.33018493652344,94.50213394522366,93.56996497078023,93.66951766754126,3463200
2017-04-20,94.51119232177734,94.583595543254,94.0315330628091,94.5292896747709,2904200
2017-04-21,94.44783020019531,94.52927863628213,94.22157533806467,94.52927863628213,1813200
2017-04-24,94.81889343261719,94.94560251960591,94.49309275311403,94.57454119680206,1644800
2017-04-25,95.21709442138672,95.28044550597512,94.84604004158334,94.90033899844472,2253100
2017-04-26,95.45240020751953,95.57005024748838,95.12659266095164,95.12659266095164,2824800
2017-04-27,95.4343032836914,95.55196023744911,95.29855588281838,95.47955702048296,1981000
2017-04-28,95.70581817626953,95.75107191603115,95.29856213741995,95.38906271219194,2050000
2017-05-01,95.89583587646484,96.07684386360442,95.57002840436229,95.84153693269731,1946800
2017-05-02,95.7148666381836,96.10402530906998,95.6334112906836,95.93206939026523,2297800
2017-05-03,95.74201965332031,96.02257350614676,95.57006372816798,95.93207293150125,1199200
2017-05-04,96.63797760009766,96.80993350838094,95.68771130241512,95.71486078167025,4468100
2017-05-05,96.45700073242188,96.80090573074752,96.27599265060392,96.4479486021429,2512700
2017-05-08,96.74658203125,96.80993311750638,96.33931912981562,96.41172234403736,2710900
2017-05-09,96.62891387939453,96.85516871904397,96.52031597540264,96.52936810231854,2151900
2017-05-10,96.54747772216797,96.73753098305849,96.45697715575591,96.58367932968292,3243000
2017-05-11,96.71038055419922,96.78278376851833,96.29407242899016,96.42982672965086,2924400
2017-05-12,96.71942901611328,96.75563062190065,96.38456934114286,96.62892154926972,4860600
2017-05-15,96.87328338623047,97.01808290870142,96.53842370184378,96.6379763943709,1854800
2017-05-16,97.4706039428711,97.52490981175366,96.77374191909838,96.809943530103,6256900
2017-05-17,97.19005584716797,97.58826668706193,97.06335365352021,97.07240578299553,5324200
2017-05-18,97.08143615722656,97.28959367480712,96.96378611105098,97.09048828531718,3252800
2017-05-19,97.51586151123047,97.5882647360822,97.24435287041226,97.24435287041226,2773300
2017-05-22,97.89595794677734,97.95930903577428,97.51585141279574,97.62445623882657,3259300
2017-05-23,97.82356262207031,97.92311532777634,97.7059125629411,97.7059125629411,2996400
2017-05-24,97.74211883544922,98.00457535348498,97.60636451167186,97.8416715459025,3686000
2017-05-25,97.69685363769531,97.87786168309259,97.561106234586,97.74210737523237,3058800
2017-05-26,97.74211883544922,97.95932161064195,97.64256612499594,97.64256612499594,2620100
2017-05-30,97.86878967285156,97.93214074968328,97.66063909386858,97.66063909386858,2111900
2017-05-31,99.4616470336914,99.4616470336914,98.62903072904345,98.69238181951121,12507100
2017-06-01,98.93671417236328,99.28967116329594,98.64710825916855,99.23537221230617,7465900
2017-06-02,98.78289031982422,98.9638914771886,98.52043380831978,98.82813715678952,3789000
2017-06-05,98.84623718261719,98.93673775742398,98.64713177519145,98.64713177519145,2537400
2017-06-06,98.51136779785156,98.9638775322512,98.51136779785156,98.84622748701752,2724700
2017-06-07,98.837158203125,98.9367108797929,98.4751490974917,98.51135069852995,2903200
2017-06-08,98.85527801513672,99.00912966520248,98.5747172891192,98.71047158819214,2064500
2017-06-09,98.26701354980469,99.09962978676342,97.89595226098044,98.8552775733246,4308300
2017-06-12,97.94122314453125,98.56568888396716,97.74211772588492,98.56568888396716,2889900
2017-06-13,98.74667358398438,98.74667358398438,98.03170738381715,98.1493574276103,1959100
2017-06-14,98.89146423339844,99.02721852082524,98.3303566390008,98.61091043619962,2478000
2017-06-15,98.64712524414062,98.74667794126249,98.42087036972747,98.44801984989691,1315700
2017-06-16,98.72856140136719,99.0091221059642,98.51135868228398,98.64711297099223,2075700
2017-06-19,98.78289031982422,98.90959251092958,98.55663542074296,98.64713599942515,1808900
2017-06-20,98.64712524414062,99.42544256450199,98.61997576397118,98.69237898092358,3010300
2017-06-21,98.80096435546875,98.84621808650522,98.53850790590712,98.6652100671093,2796600
2017-06-22,99.09962463378906,99.09962463378906,98.63806280490441,98.78286922367218,3156500
2017-06-23,99.5340576171875,99.5340576171875,99.07249569262831,99.09964517558741,23837000
2017-06-26,99.30777740478516,99.47972638794475,99.05436618401095,99.32587475389415,2437900
2017-06-27,99.11772918701172,99.36208831025328,99.0272286210799,99.25348348828474,4010400
2017-06-28,99.4616470336914,99.50689386702494,99.16298893373583,99.44354277655718,2210600
2017-06-29,99.00912475585938,99.37113390052022,98.67426508871682,99.3439775182518,4944800
2017-06-30,99.05435180664062,99.10865765558482,98.77379805529912,98.94575391824972,2853900
2017-07-03,98.89146423339844,99.09962172808619,98.73761259653133,99.09962172808619,1170800
2017-07-05,98.82811737060547,98.98197591878818,98.6833178546543,98.89146845347476,2315600
2017-07-06,98.8824462890625,98.91864790267967,98.69239299613625,98.7466919641861,1708600
2017-07-07,98.74667358398438,98.991025799478,98.64712089125537,98.89147310674899,3532500
2017-07-10,98.93671417236328,99.06341632783912,98.69236198815976,98.69236198815976,1428800
2017-07-11,98.87336730957031,98.87336730957031,98.64711246446832,98.87336730957031,1803800
2017-07-12,98.80096435546875,98.98197237486467,98.70141167098849,98.82811383219065,2861400
2017-07-13,98.837158203125,99.09961463209042,98.71950817831267,98.78285925394229,2247200
2017-07-14,99.00912475585938,99.08152796574157,98.79192203096292,98.82811673115388,1782000
2017-07-17,99.05435180664062,99.20821032310899,98.98195551596294,99.00910498806066,2083200
2017-07-18,99.06342315673828,99.22632692568688,98.98197472463903,99.05437102936611,1521700
2017-07-19,99.19012451171875,99.23537824346032,99.0181755215509,99.05437022124411,1302300
2017-07-20,99.28968048095703,99.3801810426827,99.01817879578005,99.09962722990805,1497800
2017-07-21,99.4254379272461,99.45258740614928,99.1448841055792,99.19013093550102,1321200
2017-07-24,99.14488983154297,99.40733941259813,99.14488983154297,99.39829418894166,1583800
2017-07-25,99.28968048095703,99.48878585960364,99.14488096314602,99.1539261859934,2426000
2017-07-26,99.4887924194336,99.50688977107187,99.32588863568617,99.32588863568617,2711500
2017-07-27,99.85984802246094,99.94130336769216,99.40733827378982,99.41639040209347,2846900
2017-07-28,99.7512435913086,99.91414736638791,99.59739194394211,99.66074302843127,2041500
2017-07-31,99.85079956054688,99.90509851910613,99.62454469354923,99.7783963459675,2535100
2017-08-01,100.54766082763672,100.63816139286897,99.7331419310455,99.82364940102828,3760200
2017-08-02,100.34857177734375,100.65628203492714,100.32142229382937,100.52957984202564,3406700
2017-08-03,100.14945983886719,100.51146211020338,99.94130231857324,100.02275075819865,1908400
2017-08-04,101.7422866821289,102.07714637016547,101.1359252972186,101.38027751488002,5618300
2017-08-07,102.23098754882812,102.44819026502522,101.74227625882229,101.95043375270897,2353300
2017-08-08,102.24909973144531,102.62015411268936,102.10429330625225,102.2852944329932,1577000
2017-08-09,102.34864807128906,102.35770019927706,101.87804098717136,101.90519046638481,1113600
2017-08-10,101.47079467773438,102.13145508417551,101.43459306707645,102.13145508417551,2215200
2017-08-11,101.54315948486328,101.61556268371199,100.97299982961519,100.97299982961519,2038100
2017-08-14,101.83279418945312,102.08620545712718,101.66084517447024,101.81469683699478,1024400
2017-08-15,102.11334228515625,102.11334228515625,101.82373634845106,101.95043851421269,838200
2017-08-16,102.07714080810547,102.13143976357142,101.85993808149148,102.09523815834406,498500
2017-08-17,101.78752899169922,102.13143386436964,101.6698720553187,102.07713491204004,1318200
2017-08-18,101.76943969726562,101.99569457156346,101.7151407369544,101.99569457156346,704800
2017-08-21,101.6789321899414,101.97759026077436,101.52508054305788,101.89613492111522,888500
2017-08-22,101.6789321899414,102.03188921738023,101.669880062257,101.76943275253464,514800
2017-08-23,101.63368225097656,101.82373549803171,101.63368225097656,101.82373549803171,892500
2017-08-24,101.37123107910156,101.7965913276748,101.30787999344707,101.70608385838226,1174400
2017-08-25,101.5703353881836,101.67893330258369,101.27167731408252,101.45267844124962,1086000
2017-08-28,101.87804412841797,102.03189578520497,101.36218329320508,101.50698972647575,1287600
2017-08-29,101.64273834228516,101.90519482716391,101.56128990115944,101.58843938153468,1193900
2017-08-30,101.72418975830078,101.8870935390097,101.6246370642703,101.64273441557104,981100
2017-08-31,102.23098754882812,102.32148810518109,101.69702943302073,101.75132838588253,2329300
2017-09-01,102.17668151855469,102.43913794712377,102.08618096847036,102.08618096847036,1229800
2017-09-05,101.7422866821289,102.1314453285901,101.62463663729201,101.86898885495343,1525400
2017-09-06,101.50697326660156,101.87802760837543,101.13591202007804,101.87802760837543,2330500
2017-09-07,101.95950317382812,102.04095161693587,101.48888915336882,101.5703445012276,933600
2017-09-08,101.63368225097656,101.79658602055956,101.50698008627313,101.72418281080043,640500
2017-09-11,101.85995483398438,101.99570224497508,101.59749833148348,101.81470109381992,630900
2017-09-12,102.06810760498047,102.09525708774721,101.94140541556804,101.95950967391352,1041100
2017-09-13,101.93233489990234,102.09523867186977,101.90518542203282,102.00473811072125,1103000
2017-09-14,101.72418975830078,102.04094519169296,101.6517865435967,101.77848871695356,1773600
2017-09-15,102.12239074707031,102.12239074707031,101.7513363654991,101.81468745038933,1775700
2017-09-18,102.25814056396484,102.47535019242846,102.08619157236876,102.14049052710962,1648000
2017-09-19,102.19480895996094,102.31246592399141,102.11336051232576,102.18576373561352,935400
2017-09-20,101.85995483398438,102.22195713629468,101.81470109381992,102.1314565607171,1244100
2017-09-21,102.01377868652344,102.13142871221915,101.6698669264523,101.80562120517779,1369000
2017-09-22,101.94139099121094,102.05904103480356,101.80563669183454,101.85994255443539,733900
2017-09-25,101.7422866821289,101.9323399413657,101.68798772370427,101.85994363171636,2387500
2017-09-26,101.69703674316406,101.9051873472631,101.64273088164882,101.72418622154652,1232400
2017-09-27,102.0228500366211,102.16764956439576,101.7241919481005,101.7241919481005,1190000
2017-09-28,102.14952850341797,102.33052959731296,101.91422155755517,101.99566997838318,1592200
2017-09-29,102.34864807128906,102.62920880091264,102.1133479816055,102.23099802644728,1806300
2017-10-02,102.37581634521484,102.62016859126555,102.13145719441276,102.40296582758144,2505600
2017-10-03,102.59300994873047,102.65636103684658,102.27625450814989,102.46630777249824,1228700
2017-10-04,102.90977478027344,102.99123013228487,102.35771228856174,102.53872034594751,1681900
2017-10-05,102.88262176513672,103.01837607732675,102.77401693443446,102.94597285685857,913600
2017-10-06,103.1269760131836,103.55233631078531,103.0817291780725,103.17222975304597,2859200
2017-10-09,103.64283752441406,103.77859184008642,103.16317825982283,103.26273096433248,1834600
2017-10-10,104.07723236083984,104.23108400371149,103.5885210498798,103.76047694764819,2833300
2017-10-11,104.49354553222656,104.62929983153903,103.92338576081477,104.02293845332721,2268700
2017-10-12,104.24015808105469,104.39400975632293,103.89625311785183,104.21300859774283,1273700
2017-10-13,104.2310791015625,104.6926409132196,104.11342906926748,104.6926409132196,1311300
2017-10-16,104.0229263305664,104.54783230611835,103.86002257132623,104.53878708403533,1369500
2017-10-17,104.21299743652344,104.25824426894671,104.00483991217355,104.0500936493477,1402500
2017-10-18,104.40303802490234,104.5387923151873,104.10437996722548,104.10437996722548,2151300
2017-10-19,104.52069854736328,104.52069854736328,104.08629306056682,104.21299523627835,1196300
2017-10-20,104.8736801147461,104.92798599185572,104.43927452638307,104.71077629292188,3369000
2017-10-23,105.34427642822266,105.38047803859598,104.71981073259731,104.71981073259731,1818400
2017-10-24,105.69720458984375,105.88725781376007,105.34424761617782,105.43474816498332,1674000
2017-10-25,105.42570495605469,105.69721353018586,105.19945011252867,105.51620551251513,1902900
2017-10-26,105.54336547851562,106.79228977148911,105.53431335113717,106.48458648812249,4338700
2017-10-27,105.82392883300781,106.15878852872424,105.7243761371124,105.76962987333785,3128800
2017-10-30,105.64291381835938,105.86011653325409,105.23565096008824,105.37140524617863,2878200
2017-10-31,105.93253326416016,105.95063061573276,105.43476978652947,105.61577092125843,2188100
2017-11-01,106.15877532958984,106.54793393659064,105.78771407197868,105.93252048609519,2902500
2017-11-02,106.30357360839844,106.54793270320391,105.49810692726146,105.9144150059025,3185900
2017-11-03,104.09532165527344,106.97328343837435,100.79200658151814,106.29451893202744,25791200
2017-11-06,105.63385772705078,105.77865722996317,104.09532071701551,104.09532071701551,8836900
2017-11-07,105.57958221435547,105.86918818921998,104.98226600727493,105.27187198213944,3361600
2017-11-08,105.28995513916016,106.39407992720363,105.20850670631276,105.61576268005004,5526300
2017-11-09,104.35780334472656,105.52527940671081,104.06819736146505,105.0908738841942,3342800
2017-11-10,105.02753448486328,105.20853565527261,104.11346269336647,104.31256812366796,2392800
2017-11-13,104.66549682617188,105.16325336204959,104.55689201055756,105.09085705639022,2472600
2017-11-14,104.52973937988281,104.93699534283951,104.09532703527903,104.62023993778986,3542500
2017-11-15,104.07723236083984,104.4663909841182,103.82382803028652,104.45733885666984,2949700
2017-11-16,104.24920654296875,104.87366535142807,104.12250435546969,104.25825176725343,3501100
2017-11-17,104.52973937988281,104.71074049569691,104.2582308014117,104.42113456754437,2030600
2017-11-20,104.24015808105469,104.90082542890013,104.20395646838834,104.5388162069883,1414800
2017-11-21,104.36682891845703,104.62928535287547,104.21297728940988,104.27632836635574,1881100
2017-11-22,104.21299743652344,104.85556045684136,104.14059421894514,104.36684909531417,1434500
2017-11-24,103.76049041748047,104.2582470157558,103.6609377168752,103.9052899517011,1942400
2017-11-27,103.6518783569336,104.14964182523329,103.57042991925759,103.62472887770826,2368900
2017-11-28,102.98216247558594,103.94148086845476,102.97311034789368,103.7604797431117,3850700
2017-11-29,102.2671890258789,103.32606003387416,101.81467933992369,103.0364541110528,6117100
2017-11-30,102.62016296386719,103.33512921423672,102.22195216499024,102.36675860267313,3727800
2017-12-01,103.87813568115234,104.07724107318289,103.10887049764852,103.18127371379613,4934900
2017-12-04,103.05458068847656,104.12250405485072,102.94597585461177,104.07725031455256,2772600
2017-12-05,102.94596862792969,103.43467998888732,102.74686323219686,102.90071489080827,3482900
2017-12-06,103.47085571289062,104.07721697202261,102.6291875081443,103.29889984054756,2388300
2017-12-07,104.19488525390625,104.33063955035134,103.39847063537887,103.62472549453726,2100700
2017-12-08,104.33969116210938,104.84649983459796,104.19488473868388,104.21298899398722,2112300
2017-12-11,104.83745574951172,105.52527250404778,104.64740248274863,105.34427136563079,2542600
2017-12-12,104.65643310546875,105.27184651627769,104.52973095366244,105.08179328856824,1345800
2017-12-13,105.03654479980469,105.0727464028049,104.62928884936446,104.66549045236466,1560700
2017-12-14,104.8736801147461,105.07278555305929,104.64742519025425,104.94608334772404,4910000
2017-12-15,105.29901123046875,105.29901123046875,104.50259660317461,104.84650150717086,1989700
2017-12-18,105.69720458984375,105.81485461281596,105.04558959084534,105.18134386642822,1332400
2017-12-19,105.3895263671875,105.88728989354487,105.25377895522765,105.55243016629069,1348000
2017-12-20,105.65196990966797,105.7877242097242,105.34426660730766,105.4890661305506,1450400
2017-12-21,105.61576080322266,105.80582095265612,105.52526024452817,105.64291718510603,1012300
2017-12-22,105.61576080322266,106.2311742689952,105.53431237182264,105.63386505781158,1442500
2017-12-26,105.49812316894531,105.7424753966196,105.42571995157854,105.5343247776287,736600
2017-12-27,105.60672760009766,105.76963138618831,105.40762220545898,105.61577282367153,9765500
2017-12-28,105.86917877197266,105.99588094315855,105.4800201305444,105.55241643925743,812400
2017-12-29,105.9687271118164,106.24928784455722,105.80583023472585,105.82392758615235,1577400
2018-01-02,106.74705505371094,106.77421144068356,105.70628807655437,105.88728922786386,1784200
2018-01-03,106.86471557617188,107.27197163256024,106.50270635674245,107.10906782905458,2873200
2018-01-04,106.67464447021484,107.09095258635399,106.4845912153307,106.8737429481289,2153500
2018-01-05,106.83753204345703,107.07283209205617,106.71082989275,106.87372673958816,1631700
2018-01-08,107.04570770263672,107.38056741069013,106.74704960394727,107.38056741069013,1258000
2018-01-09,107.19956970214844,107.54348157189727,107.02762067202565,107.06382228488087,1408600
2018-01-10,107.83307647705078,107.9416743996932,106.85565374476336,107.12716236087128,1868300
2018-01-11,107.9235610961914,108.13171859174153,107.47105140606062,107.83306053911524,2576800
2018-01-12,108.22222137451172,108.33081928333658,107.68825633870593,107.9597649202682,2027200
2018-01-16,108.05933380126953,108.5118435685238,108.05933380126953,108.16793172636986,2516900
2018-01-17,108.0050048828125,108.12266181622817,107.51630051466142,108.0050048828125,4177600
2018-01-18,108.60233306884766,108.78333419539558,108.05932278445349,108.05932278445349,3981600
2018-01-19,109.00959777832031,109.20870317630461,108.60234175862584,108.701894457618,4837600
2018-01-22,109.57976531982422,109.73361698133823,109.10010607819173,109.23585348261527,2026200
2018-01-23,109.3716049194336,109.9236673654275,109.3716049194336,109.8422189249124,2000400
2018-01-24,109.01863098144531,109.61594707170568,108.82857774493057,109.28108742370368,1470500
2018-01-25,108.78333282470703,109.72455386134754,108.78333282470703,109.72455386134754,1526600
2018-01-26,108.9100341796875,109.49829818629053,108.792384140267,109.05484060182066,2357000
2018-01-29,109.10009765625,109.1905982204632,108.15887659798169,108.66568528137599,1376600
2018-01-30,108.79238891601562,108.97339695162793,108.51183509175475,108.61138778515388,2079900
2018-01-31,108.8919448852539,109.23584980613728,108.50278622791842,109.1001024062825,2942100
2018-02-01,109.77886199951172,109.95986312753341,109.17249372066313,109.37159910433725,3660600
2018-02-02,109.16343688964844,109.7697981992689,109.0548320815337,109.6159465663353,2626200
2018-02-05,106.9642562866211,108.89194532459493,106.66559819623407,108.1860312234989,5072500
2018-02-06,106.92804718017578,107.48915480849504,105.88727345331705,105.97777401548947,4431900
2018-02-07,105.35333251953125,107.06381897168617,105.19947394346993,106.92806465386803,3993200
2018-02-08,104.92794036865234,107.47104240466614,104.76503661765952,107.01853275243596,5688000
2018-02-09,104.7831802368164,105.48004927564058,103.86910840233708,105.24474221924194,4053400
2018-02-12,105.47095489501953,105.79676241036434,104.96414627326078,105.25375218637286,1876100
2018-02-13,105.16325378417969,105.95967529238118,104.97320053465438,105.17230591170475,1903400
2018-02-14,103.96863555908203,105.2085147345674,103.66998437776861,104.87365504066972,4370300
2018-02-15,105.81488800048828,105.93254496533397,104.2673053419344,104.43020914308488,2289300
2018-02-16,107.24479675292969,107.72445592056677,105.43475798916717,105.43475798916717,5097200
2018-02-20,113.6342544555664,113.96911418057348,113.57995549114683,113.85146412274732,30986300
2018-02-21,113.6704330444336,113.96003897060126,113.66138091727993,113.83333680944978,11299500
2018-02-22,113.7699966430664,113.86954933705715,113.71569768443531,113.806198250404,7547100
2018-02-23,113.5256576538086,113.78811415902771,113.42610494821682,113.74286041839457,5231000
2018-02-26,112.63874053955078,113.53470802574817,112.38533615191933,113.44420744513005,8208300
2018-02-27,112.81068420410156,113.02788695490732,112.58442932479319,112.60252667704744,3645500
2018-02-28,112.81974029541016,112.92833822225207,112.80163603776903,112.85593500118999,2745200
2018-03-01,112.01426696777344,112.85593542773543,111.76991472670437,112.55728422304018,4977000
2018-03-02,112.30387115478516,112.49393133394385,111.76991294165214,112.0052199548596,2903300
2018-03-05,112.92831420898438,113.60707872641751,112.85591100331823,113.53467552075138,5036900
2018-03-06,112.58443450927734,113.20889330969396,112.2314774336828,113.0912432527462,4066700
2018-03-07,112.0233154296875,112.3400708817237,111.86041163939016,112.24957031039207,3054800
2018-03-08,111.9509048461914,112.37626509869445,111.90565801587759,112.22241344707648,1715200
2018-03-09,111.93281555175781,112.22242152466369,111.5979558405303,112.18621991495657,2533700
2018-03-12,111.87852478027344,112.16813077438155,111.57081452761084,111.72466620156636,1984100
2018-03-13,110.98253631591797,112.22241548888444,110.45763026527402,112.20431813737974,6211400
2018-03-14,110.68387603759766,111.50744010600647,109.49829592134418,111.09113200811025,6210700
2018-03-15,110.30376434326172,111.39883701209124,110.28566699296505,110.6748256194706,2211200
2018-03-16,110.63863372802734,110.9372918197708,109.64311366029996,110.32187828439828,3385900
2018-03-19,110.98253631591797,111.76990574900991,110.1951737875767,110.50287709641107,1529700
2018-03-20,111.40789794921875,111.53460012556512,111.0549409001466,111.06399302838585,1353500
2018-03-21,110.37617492675781,110.81058731514786,110.1318227053045,110.32187596749056,3147300
2018-03-22,109.43495178222656,110.12276850726957,109.05484526499906,110.01416368602577,3138300
2018-03-23,108.77427673339844,110.23135842383851,108.14981117899566,110.23135842383851,2174700
2018-03-26,110.05943298339844,110.36713632997245,109.50737048066127,109.85127543943544,3412800
2018-03-27,109.97795104980469,110.84677572312394,109.7969499373006,110.55716980026747,3367900
2018-03-28,105.21757507324219,110.1951826103961,105.00036540929095,109.98702507529731,11205000
2018-03-29,105.88727569580078,106.48459184733936,104.48449278579385,106.11353055839865,4969400
2018-04-02,104.27635955810547,105.95064443942462,103.68809543635777,105.88729334352881,4566100
2018-04-03,105.35333251953125,105.4257288382497,104.2854091399807,104.55691087086556,3379900
2018-04-04,104.46638488769531,104.92794669412467,102.96404943744473,104.25822739703116,4889200
2018-04-05,103.87813568115234,105.11801486486488,103.37132697762055,104.33969755315492,4686700
2018-04-06,102.92787170410156,103.89624230167071,102.6111093524357,103.38942668185587,3927500
2018-04-09,103.47991943359375,103.85098071819603,102.85546071535511,103.4618220828877,3190800
2018-04-10,105.53431701660156,106.21308159380905,104.43924432727684,104.54784224058983,6659100
2018-04-11,104.8736801147461,105.83300568982308,104.16776585509193,105.62484812119956,4931800
2018-04-12,103.32608032226562,104.87366292353505,101.58844444414744,104.87366292353505,10004100
2018-04-13,102.66541290283203,104.66550514224696,101.96854403058408,103.25367004608586,6605600
2018-04-16,102.11334228515625,102.84640580202716,101.95043851421269,102.69255415856664,2488500
2018-04-17,102.41201782226562,103.11793198187647,102.11335970712216,102.2581592478045,2497600
2018-04-18,102.25814056396484,102.8011508256237,101.89613142127557,102.27624481871186,1512100
2018-04-19,96.99092864990234,99.68788953361138,96.61082215430413,99.62453845101169,12747600
2018-04-20,95.16279602050781,97.81450327048674,93.38895873691872,97.64254736642057,16428000
2018-04-23,93.37086486816406,96.21262568914304,93.05410940813478,95.57006264029759,9049400
2018-04-24,92.04952239990234,93.57900739632747,90.71009755376974,93.36180467352895,12601900
2018-04-25,91.57893371582031,92.94550831327477,90.82776580558945,92.58350600426124,8249400
2018-04-26,92.75545501708984,94.80985333469664,92.28484787258493,92.31199735528213,9264100
2018-04-27,95.3890609741211,95.76916752408833,93.18986321395187,94.03153166302283,10043300
2018-04-30,94.93653869628906,96.26691835065395,94.80078440211403,95.714855951159,4016300
2018-05-01,94.11298370361328,95.13566024275944,93.54282385687571,94.94560696051359,5134100
2018-05-02,92.96361541748047,94.61980296044912,92.3482018066657,94.54739973452935,5151800
2018-05-03,83.58761596679688,85.97686730586388,82.20293699810486,85.27095307906026,31709000
2018-05-04,90.75536346435547,90.76441559359426,84.35687523332926,84.48357742366629,15639000
2018-05-07,89.10822296142578,90.71915663572504,88.78241537507861,90.50195387974397,3710500
2018-05-08,89.40687561035156,89.58787674516508,87.60588877137944,88.97246322014813,3644500
2018-05-09,89.27112579345703,89.71458342936295,88.90911660088543,89.59693337629638,2425400
2018-05-10,89.8593978881836,89.8593978881836,89.24398427731191,89.3706864703074,2832200
2018-05-11,89.60598754882812,89.89559352854111,88.96342449711341,89.66933864111687,2280500
2018-05-14,100.22184753417969,103.76952886913527,97.78735001640996,99.32588025157298,23168000
2018-05-15,99.5973892211914,102.15858891387927,99.17202899207093,101.43457752590308,9077200
2018-05-16,98.50230407714844,99.37112874112474,96.66511587646372,98.1946008082504,9651200
2018-05-17,96.57461547851562,99.8869896641659,93.28034554680048,99.32587517292329,8530900
2018-05-18,100.47526550292969,102.26720721613474,96.20357910769798,96.29407968003638,12282700
2018-05-21,103.76049041748047,104.0500963906728,102.33055790401473,103.35322748643587,9542100
2018-05-22,104.49354553222656,106.52983930766214,103.86003467510234,106.51174195663737,13172900
2018-05-23,101.85995483398438,103.34418636866084,101.26263860662,103.17223044173753,5107700
2018-05-24,100.9187240600586,102.48440389243186,99.34398519481239,102.26720115075159,4273400
2018-05-25,105.69720458984375,105.91440728792679,100.78294952793824,100.8915543293544,9197500
2018-05-29,105.23566436767578,107.79687116144301,104.24014431742813,107.69731846594317,10126000
2018-05-30,104.60215759277344,105.00036148563483,102.59301315718524,103.83289238309128,9240100
2018-05-31,103.17222595214844,104.4392546693531,101.82374879189364,104.09534283047195,8042700
2018-06-01,103.17222595214844,103.85099059657047,102.37581125507029,102.54776026975985,6789300
2018-06-04,100.18565368652344,100.71961877026001,98.93672928967881,99.8688982494343,5488600
2018-06-05,105.30805206298828,106.79228324382761,99.76933115819175,100.2489903086795,5544000
2018-06-06,103.64283752441406,104.98226951842942,102.60207054867895,104.86461946071407,4700300
2018-06-07,108.66570281982422,110.62959368969601,108.51185114535534,110.18613602015273,23139100
2018-06-08,108.75617980957031,108.99148678726536,107.24479906636577,108.10456473579947,6819800
2018-06-11,107.05474853515625,107.8330657924789,106.34883448892181,107.69731149787607,4626600
2018-06-12,104.30351257324219,106.11355183698609,103.9234059849964,105.93255067251243,6723400
2018-06-13,100.86442565917969,103.33513205832493,100.7105739934704,102.61111365948534,10868500
2018-06-14,102.27623748779297,102.53869392481168,99.76028482880272,100.88250687642615,9244900
2018-06-15,102.41201782226562,106.44840427458635,101.82375372100614,104.75601519352475,11933700
2018-06-18,100.86442565917969,101.67894463168642,99.76935283687942,101.63369779722844,6443500
2018-06-19,98.63806915283203,99.51593913504489,97.83260238466264,98.16746207105068,6860600
2018-06-20,102.19480895996094,104.0681992078357,98.46613272240906,98.46613272240906,7062400
2018-06-21,102.12239074707031,103.16316448862437,101.58843258938846,102.43010094850169,3304600
2018-06-22,104.14058685302734,104.17678845925593,101.48887961334896,102.58395230894988,7211100
2018-06-25,99.67884826660156,102.5025116231601,98.52947652713515,102.44820575733625,5144400
2018-06-26,99.35303497314453,100.7015120319448,98.01361004225244,100.17660599402791,4405100
2018-06-27,98.97293090820312,101.36218178357885,98.28511416991293,100.45716230336832,4133800
2018-06-28,99.77839660644531,100.00465147403362,98.64712226850375,99.3349389993024,3259300
2018-06-29,98.89146423339844,100.4480986657594,98.81906793088737,100.00464110459839,4574300
2018-07-02,98.46611022949219,98.61090973823931,96.56556402846857,98.28510221262097,3916300
2018-07-03,96.71942901611328,98.60186418380425,96.15831448353455,98.60186418380425,2212500
2018-07-05,96.54747772216797,97.42534771634126,95.55195768213407,96.83708367753694,3712600
2018-07-06,97.2624282836914,97.61538526922699,96.15830359878544,96.71941806784817,2870500
2018-07-09,97.17192077636719,97.74208042647867,95.93204190006239,97.73302830051685,2822600
2018-07-10,99.87796783447266,100.90063754003386,96.66514535662927,97.28961111657253,4193600
2018-07-11,97.38007354736328,98.73760247294385,95.2170780116515,95.47953443250032,5709200
2018-07-12,98.09507751464844,98.47518410354685,95.47957132642786,98.47518410354685,4158200
2018-07-13,97.30770111083984,99.37115153006054,96.47508476372965,97.92311469451941,4265800
2018-07-16,94.16727447509766,96.8370790323127,93.80526532206419,96.8370790323127,5967300
2018-07-17,93.82337188720703,94.93654893378155,91.39791929984837,93.66952022610148,9014600
2018-07-18,96.37551879882812,97.76019744540811,93.6966620692501,93.85956584559777,4799100
2018-07-19,93.70570373535156,94.13106393192324,92.41152579684075,93.35274674346222,7100500
2018-07-20,93.53376770019531,95.93207085245695,92.31199270708122,93.21701224342515,9270500
2018-07-23,95.10850524902344,95.9139790352262,90.32095770164516,92.384401258835,12777400
2018-07-24,91.0992660522461,95.88681312412655,90.69200313498585,95.19900327654402,9091000
2018-07-25,89.02677154541016,91.32552192579115,85.89540487426936,88.65571023260907,19769600
2018-07-26,83.99485778808594,85.14423642251884,81.67801007201767,83.11698776620827,49298100
2018-07-27,85.94969940185547,87.39772915995299,84.77317133947906,85.07182941904776,21620400
2018-07-30,85.82299041748047,86.65560659920489,85.27998016438845,86.12164847334357,14652900
2018-07-31,86.2845458984375,86.8728098867744,85.7777372462088,86.42935231607429,11682100
2018-08-01,86.33885192871094,86.95426539538812,86.11259707926712,86.88186218642609,8527300
2018-08-02,86.5198745727539,86.6375315427781,85.63295920892713,85.97686417993624,7547900
2018-08-03,86.80947875976562,86.96333043530741,85.82301070567246,86.59227598813301,7016100
2018-08-06,87.14432525634766,87.36152799497374,86.33885848355663,86.85471930326268,6821400
2018-08-07,86.85472106933594,87.3977313793178,86.7189667656528,87.3977313793178,4264900
2018-08-08,86.70087432861328,87.0176297853285,86.30266352317065,86.96332391792653,4124500
2018-08-09,86.59226989746094,86.6646731178297,85.94970685237826,86.30266392073703,4801200
2018-08-10,85.5786361694336,85.70533833884981,84.80031889744802,85.0356258855426,9381000
2018-08-13,84.31160736083984,85.69628588458178,83.60568645612356,85.69628588458178,8900200
2018-08-14,82.52873229980469,84.3840181743363,81.7232654787847,84.24826386528497,10669900
2018-08-15,81.23456573486328,81.40651477316906,78.43805142528869,81.18931199045274,15241200
2018-08-16,81.12594604492188,81.67800848289266,80.78204112649362,81.5060525713032,4169200
2018-08-17,81.24357604980469,81.60558513527891,80.1847051712105,80.88157386907946,5833000
2018-08-20,81.56938934326172,82.11240646250548,80.00370977639075,81.38838824001346,6460100
2018-08-21,83.22557067871094,83.75048350890663,81.51508482233966,81.94044498112758,7318100
2018-08-22,82.55589294433594,83.17130657780415,81.94953144062883,82.67354301222254,5669500
2018-08-23,82.0671615600586,83.05362941692336,81.5422486375387,83.05362941692336,5518900
2018-08-24,83.24368286132812,83.50613239668068,82.07620707111458,82.19385710091916,7316300
2018-08-27,83.54234313964844,83.78670225757371,82.99028072329924,83.55139526746986,5964000
2018-08-28,84.33877563476562,84.583127879697,83.64190670170892,83.8410121111537,7418500
2018-08-29,84.908935546875,85.17139205002083,83.8862659213079,84.3478209293131,5507700
2018-08-30,83.43376159667969,84.6012377437165,83.06270023544432,84.34782644824386,5222500
2018-08-31,84.29351806640625,84.47451920963529,83.26179635954844,83.33419957874047,4057600
2018-09-04,85.66914367675781,85.88634640946398,84.30256238628274,84.4383166835055,7915400
2018-09-05,84.96321105957031,85.71437875039769,84.09439334315229,85.61482607307119,7533500
2018-09-06,85.06278991699219,85.42479913643733,84.42927896152686,84.96323720902598,9140900
2018-09-07,85.0899429321289,86.03116417985493,84.31163239942946,85.52435539444548,10214100
2018-09-10,84.7822265625,86.10355419654746,84.67362173739649,85.1623330932361,8539900
2018-09-11,81.0625991821289,84.1668164522012,79.87702580506448,84.1668164522012,15011100
2018-09-12,80.36573028564453,80.40192498762796,76.55559230771902,80.01277325092704,15937100
2018-09-13,83.18033599853516,83.48803927888736,81.08068437130825,81.45174563793888,9852500
2018-09-14,83.94959259033203,84.54690174063018,82.76401260660882,83.48803081186347,7293800
2018-09-17,81.58748626708984,84.84555416611903,81.45173199947428,84.72790415005161,4110200
2018-09-18,82.9721908569336,83.20749786826337,81.36125719692802,81.58751207961984,4465000
2018-09-19,83.42469787597656,83.5151984451238,82.60112681580979,82.60112681580979,3977200
2018-09-20,84.97227478027344,85.07182747118357,83.75955204336866,84.09440481756606,5995900
2018-09-21,84.8274917602539,85.23474782610286,83.822919432758,85.07184401881294,9068400
2018-09-24,82.65869903564453,84.53710631737809,82.39554755112923,84.20135105443312,4525800
2018-09-25,78.50260925292969,82.023472745776,78.32111716161882,81.77846707652556,12705200
2018-09-26,77.3955307006836,78.82021071330522,76.5425351908743,78.37556721111784,9662400
2018-09-27,77.60424041748047,78.66595013249801,77.1323748177514,77.94907193575894,5012200
2018-09-28,77.58610534667969,78.00352683705714,76.69681126842063,77.25942645452056,4910300
2018-10-01,77.15962219238281,78.938203763904,77.06887957690864,78.43003957867445,6007500
2018-10-02,77.20498657226562,78.22131480595758,76.63329501759705,76.88738399923689,4058600
2018-10-03,78.14871215820312,78.37557209104638,76.65143521679447,77.6949922925166,4423100
2018-10-04,75.2721176147461,77.7403546169098,74.57339211731154,77.67683411714303,7525600
2018-10-05,75.508056640625,75.76213864902631,73.23945738959115,75.31749513432402,6544000
2018-10-08,74.54619598388672,75.2812201546456,73.99265704043054,74.91824277682255,3324800
2018-10-09,73.4844741821289,74.86377955930969,73.23038523600204,74.23764391483911,3237600
2018-10-10,70.9255142211914,72.5952005097716,70.50808572582854,72.5952005097716,7068300
2018-10-11,70.13601684570312,72.74944074903655,69.54617964258806,71.43365592327002,7109600
2018-10-12,71.28846740722656,73.04890280834758,70.19046609642119,72.60425925149295,5817300
2018-10-15,70.68048858642578,71.5970047633612,70.63511382513744,71.17958326773135,2977600
2018-10-16,73.67501831054688,73.73853880128253,71.23400373773602,71.56975885917548,5462800
2018-10-17,72.47721099853516,74.39190931059991,72.26849682227878,74.2830140547424,4110500
2018-10-18,70.50808715820312,72.57705623026577,70.29030349075052,72.23222458997968,4918800
2018-10-19,70.50808715820312,72.04166301555641,69.20137823026951,71.38830508998062,5204800
2018-10-22,69.4010238647461,71.6877699354584,69.30120489705442,71.25219562887482,4223000
2018-10-23,70.52620697021484,71.39734815728806,67.16867628912117,68.05797014523336,6462700
2018-10-24,64.63693237304688,68.56614098175528,64.45544028053322,68.26669114473476,9901300
2018-10-25,66.92369079589844,67.33203597045109,64.80028481107773,65.42641361717735,7015000
2018-10-26,64.38287353515625,66.27942697985698,63.747668222511216,66.04349061092368,6515300
2018-10-29,64.17413330078125,67.42276891669648,63.26669364872997,66.37921193219448,6699800
2018-10-30,68.50262451171875,68.6931860276615,63.66597592544031,63.7930169360688,6276100
2018-10-31,68.04889678955078,69.5189515013967,67.20497764587878,69.25579317452961,6109100
2018-11-01,76.30661010742188,77.96722661710812,72.56796253050375,73.43002757854435,19551300
2018-11-02,76.29754638671875,77.31387461632816,75.03620551374506,76.67866947282228,12556100
2018-11-05,75.19046020507812,76.09789997880756,73.8928210517164,75.97993530058051,4253500
2018-11-06,76.71498107910156,76.76034892673707,75.00899631256682,75.13603736309504,3643700
2018-11-07,77.54072570800781,77.69499573081221,75.99808086569212,77.25942159426243,3734900
2018-11-08,76.7875747680664,78.33021998824638,76.58793686171465,76.7875747680664,4054500
2018-11-09,75.94364166259766,76.28846630597785,74.25580302328528,76.05253001144588,3508000
2018-11-12,71.94183349609375,74.8637910546695,71.8783129806124,74.55526481467923,4321900
2018-11-13,74.18319702148438,75.43546134123254,72.14145765392058,72.59517751337921,3269600
2018-11-14,74.48265838623047,76.13419849963904,73.7567037970156,75.11786345938144,2373200
2018-11-15,76.7875747680664,77.50445319395781,73.81116577288587,74.1196989708525,5076700
2018-11-16,77.10517120361328,77.26851066634003,75.07250771884925,75.43547814871566,3970800
2018-11-19,73.82930755615234,77.46814333289298,73.74763436868774,76.7512650127779,3510100
2018-11-20,73.87468719482422,75.13602812950185,72.16869571472364,73.1941072549672,8756500
2018-11-21,75.44454956054688,76.36106575951843,74.44636709715265,75.17231483270449,3638900
2018-11-23,74.96358489990234,76.06158597032365,74.53708718593403,74.8365439114711,729700
2018-11-26,74.35562133789062,76.53347137527437,74.20135130628253,76.39736094035021,3353700
2018-11-27,73.40283203125,74.79121433131364,73.40283203125,73.98359316430644,3151700
2018-11-28,75.33565521240234,75.38102997534037,72.91279241299499,73.97449540286335,3618300
2018-11-29,75.23583984375,76.2793901126632,74.79118934106165,74.79118934106165,2429700
2018-11-30,75.65325927734375,75.69862711380918,73.13964713244756,75.2358377964937,4447600
2018-12-03,77.74036407470703,79.31023793595377,77.37738677907383,78.91096221843564,6123500
2018-12-04,74.2467269897461,78.33020624542975,74.18320647825301,77.23220487635413,6129400
2018-12-06,74.4554443359375,74.48266642440805,71.98720677409374,72.44092671051452,3820900
2018-12-07,69.41914367675781,74.41006250319138,69.32840108273861,73.61151798331983,4156900
2018-12-10,68.96544647216797,70.41734922378045,67.29576003861823,69.33750023022846,5060900
2018-12-11,71.57884979248047,73.1940984714078,70.66234056817383,71.13420622363354,4347100
2018-12-12,72.35926818847656,73.82932357280532,72.05981823138774,72.64964872971478,6120500
2018-12-13,71.75846099853516,73.21492967081805,71.06663577482936,73.21492967081805,5182800
2018-12-14,70.61148834228516,72.32283815104516,70.34750231229195,70.50225058832544,3194400
2018-12-17,68.51780700683594,71.10304484937033,67.93521956668539,70.18364622398052,3467200
2018-12-18,70.10172271728516,71.49447102541167,69.17321921520742,69.37348494879244,5195400
2018-12-19,64.91305541992188,70.37481878906947,64.87664283072861,69.63748295663174,6093200
2018-12-20,65.49562072753906,66.73362055996273,64.66725717576392,65.03137599912186,5987700
2018-12-21,64.03004455566406,66.46963153154738,63.793373234599954,65.78691137350155,5976600
2018-12-24,61.63600540161133,64.1757264742022,61.60869769303379,64.03007610179934,2267900
2018-12-26,65.33177947998047,65.81424100199796,61.554065967789924,62.355121968798464,5229200
2018-12-27,66.46055603027344,66.46055603027344,63.65684930137614,64.36687739421578,3472600
2018-12-28,65.65950012207031,67.10687111415926,65.27717832981727,66.25119257864766,4134900
2018-12-31,66.70632934570312,66.70632934570312,65.3317837467673,66.07822439384022,3739100
2019-01-02,68.2993392944336,68.53601761521989,65.14061885486593,65.45922722495872,4720900
2019-01-03,65.51385498046875,67.54380654671984,65.29538638277619,66.73364550799305,5356900
2019-01-04,68.6816635131836,68.99116701243815,66.45144651101556,66.77915283023076,4866700
2019-01-07,69.19143676757812,70.10173060816464,68.17190516592453,68.82731784234535,3515700
2019-01-08,69.58287811279297,70.12905314365632,68.78181491886723,69.60108093765841,4009000
2019-01-09,72.7688980102539,72.81440853914837,70.25648485256544,70.50226115457157,6325800
2019-01-10,72.85081481933594,72.95094769721884,71.23049289721757,72.00424127132017,3116100
2019-01-11,72.35015869140625,73.68828482520753,71.87680199734822,72.14989293199639,3447900
2019-01-14,71.5582046508789,72.28644255514722,70.8299667466106,71.27601576184583,3335900
2019-01-15,71.0666275024414,72.18629178751436,70.52045268203565,71.76755058204733,5438800
2019-01-16,71.3124008178711,72.78707902301205,71.27599518366063,71.45805113467041,5619500
2019-01-17,72.04065704345703,72.32284592360861,70.62969875271686,71.82218845704908,5297000
2019-01-18,73.54261779785156,74.58945678443713,72.47757599579863,72.86900250573972,8818900
2019-01-22,71.9951400756836,73.05108431653393,71.48537772216477,72.98736402234408,5039900
2019-01-23,71.82220458984375,73.27867373470265,71.26692464321118,72.83263157830676,3480800
2019-01-24,76.69226837158203,77.5479469413894,73.89766611050032,74.19806479287847,8390300
2019-01-25,77.59342956542969,78.84963925991602,77.4295764289745,77.92113583834008,5673700
2019-01-28,77.97576904296875,78.05769215011398,75.19937021765074,76.12786682358225,3655600
2019-01-29,78.04857635498047,78.39449239009143,77.20200297456127,77.7572826619862,3496300
2019-01-30,79.85099029541016,80.10587150262889,77.95757712036811,78.87697599925743,5051400
2019-01-31,79.22286987304688,79.9511077054772,78.76772296402558,79.42313562421475,3046900
2019-02-01,80.46997833251953,81.65335617940026,79.28659354064783,79.32300612831983,4916000
2019-02-04,80.7430648803711,80.7430648803711,79.39583381878393,80.14227452722848,3253500
2019-02-05,82.1449203491211,82.55455677489444,80.56101089310842,80.62473118889653,5821400
2019-02-06,84.15666198730469,86.15020770170833,83.58317937336248,84.19307457398224,9862900
2019-02-07,82.5909423828125,83.41020107673101,79.33208958859616,79.58697068848095,8803900
2019-02-08,79.65979766845703,81.59872060411762,78.9952802614057,80.68842697226,5589200
2019-02-11,81.24370574951172,81.4348665767001,79.60517445219817,79.69620937037384,4085300
2019-02-12,84.86669158935547,85.25811818989916,81.78078930670287,82.15401308756586,6275900
2019-02-13,83.63780975341797,85.18531371178395,83.38292854603797,85.11248852539194,4025300
2019-02-14,83.51947021484375,84.51168729033961,83.29189672651992,83.29189672651992,3347400
2019-02-15,84.69375610351562,84.93043449233346,83.76525231776455,84.27502168944851,3500700
2019-02-19,84.20217895507812,84.72104615840709,83.71061945534689,84.65732586834882,2694900
2019-02-20,85.7951889038086,85.84980430830002,84.29320277538044,84.6482167945556,4072400
2019-02-21,85.88623046875,85.94085282686584,84.59361476153627,85.40377579950766,4865800
2019-02-22,86.03187561035156,86.76921142275772,85.54031608708377,86.47791766211655,3496600
2019-02-25,88.42594909667969,89.3908584105334,86.76921447261454,87.32449430850919,5013400
2019-02-26,85.65864562988281,88.09823330418192,85.41286935841939,87.77963186154763,4286800
2019-02-27,83.59228515625,85.26722249150544,83.08251588226676,85.26722249150544,4966200
2019-02-28,83.12801361083984,83.64688069962509,82.76389477160706,83.20083876768425,2358100
2019-03-01,85.7951889038086,86.24123091213293,83.71972019324913,83.91088105395957,4001100
2019-03-04,85.0942611694336,86.57803745320413,84.28409335812218,86.25033115390671,2251000
2019-03-05,84.93040466308594,85.3582368666578,83.68329979866054,85.01232776217743,2272900
2019-03-06,83.63780975341797,85.10338364084494,83.61960692931598,84.64823664338294,2962700
2019-03-07,85.64044952392578,85.85891810957604,83.63779882965983,84.65733047101291,6070100
2019-03-08,84.8211669921875,85.04874041651243,83.23725790348311,84.0019012756198,3961600
2019-03-11,85.82249450683594,86.46880224247407,85.02143849893028,85.20349447277557,3117300
2019-03-12,85.55851745605469,86.28675531778893,85.14888799944852,86.28675531778893,2006800
2019-03-13,85.02143859863281,86.2867463698151,84.9486134310132,85.97724287992686,1525500
2019-03-14,84.52078247070312,85.58582460698393,84.29320900850684,84.77566363716443,2099900
2019-03-15,85.23271179199219,87.48720856177393,84.75808419170427,85.26010017986039,4103000
2019-03-18,84.2195816040039,85.56132748315362,83.3798518577815,85.29662870067754,1867100
2019-03-19,84.7215805053711,85.47916580143338,84.52990355644091,84.71245104197246,1938400
2019-03-20,83.08778381347656,84.95892753165222,82.65878941227336,84.56644403307725,1699000
2019-03-21,86.06334686279297,86.62012588077425,83.09690424334003,83.48025823363282,2413800
2019-03-22,82.75005340576172,85.58870413232569,82.65877268579106,85.58870413232569,1987700
2019-03-25,81.17098236083984,82.48534660653692,80.53205916570407,82.17500750908486,2364000
2019-03-26,81.49956512451172,82.01070362857956,80.83325360564628,81.63647921345556,1821000
2019-03-27,79.72883605957031,81.87380052844722,78.24105373483664,81.30789909834449,3900900
2019-03-28,78.42359924316406,80.13957634566555,77.93071264757793,79.77447439000093,3056100
2019-03-29,80.67811584472656,81.234894894926,79.41852110498841,79.47328397427285,3212800
2019-04-01,86.15460205078125,86.3188975774442,82.14762405667172,82.14762405667172,4016400
2019-04-02,84.69419860839844,86.25500258136479,84.5207736234888,86.10895902275874,2713000
2019-04-03,87.7884292602539,88.34520816710194,86.0268187931548,86.42843163448532,4286500
2019-04-04,88.1444091796875,89.35837030609001,87.34119039303121,87.34119039303121,2867200
2019-04-05,89.5865478515625,89.7052030220449,88.15352848731702,89.20319394962836,2818800
2019-04-08,90.00640106201172,90.16156710277019,88.44559726462728,89.22143443215904,2297300
2019-04-09,89.0754165649414,90.07944879746019,88.87461708217903,89.90602378207215,2685000
2019-04-10,89.56829071044922,90.10681764758591,87.89796097193468,88.94761949143461,2297200
2019-04-11,89.13017272949219,90.5540626391938,88.81071114253865,89.63218180506479,2076700
2019-04-12,91.5854721069336,91.65849389021021,89.91514233785918,90.5266841043847,3327300
2019-04-15,90.57230377197266,91.90491967555178,90.34411597415968,91.64022099444006,2563900
2019-04-16,91.87754821777344,92.43432009817701,91.41204310990584,91.81364894226678,2682500
2019-04-17,92.3430404663086,94.05901723919047,91.65847704233701,93.19189939058292,3210100
2019-04-18,91.81365966796875,93.27406747394379,91.01957040949088,93.2649380101278,2832000
2019-04-22,89.8786392211914,91.48508377354027,89.84212832639471,91.48508377354027,2083300
2019-04-23,90.38977813720703,90.85528334281763,89.70521452579075,89.91515043067119,4126100
2019-04-24,91.393798828125,92.48910473014944,89.90601649360394,90.22547810362492,3802900
2019-04-25,89.15755462646484,91.01956826790553,87.98923398016646,90.74574006979294,2899300
2019-04-26,90.36238861083984,90.45366235810269,87.3503062049823,88.17178385782896,2755900
2019-04-29,89.35836029052734,90.72748734207657,88.80158139913144,89.86036936451788,4440000
2019-04-30,96.40479278564453,98.30331015727828,93.8855973007737,96.03969088057433,10559400
2019-05-01,95.82976531982422,98.87835854646214,95.76587300185153,97.2992955969365,4463500
2019-05-02,97.29928588867188,98.09338201602,95.23646602835564,95.77499290931301,3989100
2019-05-03,98.65016174316406,99.0426450789944,97.55485600971814,97.73741044716233,3445600
2019-05-06,96.7698974609375,96.89768905974515,94.6705734821598,95.58332485477801,2967600
2019-05-07,93.52050018310547,95.60157209567615,91.89580393429993,95.37338426379357,4390800
2019-05-08,92.6442642211914,94.60668106295978,90.9282941494597,92.36131352438073,4099500
2019-05-09,91.57637023925781,91.9871056761828,88.43650248834682,91.38469323777667,4142800
2019-05-10,91.43031311035156,92.16964653665222,89.04803121572502,91.16561434831071,2745900
2019-05-13,84.99542999267578,88.86549475824351,84.71247226634569,88.01663550673715,5061300
2019-05-14,89.60481262207031,89.76910816977353,86.34629006240743,86.60185936689216,4875900
2019-05-15,91.43031311035156,92.28830172084665,88.54602208529533,88.98413889135247,4148000
2019-05-16,89.13017272949219,90.93741654353803,88.70117847112303,89.79647733031807,3410800
2019-05-17,86.83003997802734,90.1707135139899,86.68400337214007,88.06225996460608,3348300
2019-05-20,84.52078247070312,84.88588444169515,83.1151444088154,84.70333693806958,4759000
2019-05-21,88.24480438232422,88.45474026540052,85.44265790251029,86.0907105516947,5394400
2019-05-22,85.47003936767578,88.20829353015256,85.40614704910095,87.14950554180658,3760400
2019-05-23,83.89099884033203,84.42038945027856,81.96509250039924,83.68106291844127,5022900
2019-05-24,83.79969787597656,85.30573897215793,83.74493502424852,84.61204600739595,3230800
2019-05-28,81.79165649414062,84.49339990102763,81.3078993486959,84.49339990102763,11811900
2019-05-29,81.34439849853516,81.96506966211932,79.64668052060614,80.7693607217832,4207300
2019-05-30,82.95085144042969,83.15165787888468,81.3535363611173,81.4265581503266,2737500
2019-05-31,80.4681625366211,83.39809354095438,80.40426325678916,81.47218763109434,4020400
2019-06-03,81.80990600585938,83.21554400662842,81.234875127075,83.21554400662842,3424000
2019-06-04,86.37366485595703,86.53796039103548,83.32507843851774,83.75407272254151,4331000
2019-06-05,85.29661560058594,87.13124786563955,83.6719192217162,86.83003823214378,2224500
2019-06-06,84.23783111572266,85.7529948828635,83.77232593212467,85.12320112548595,3751800
2019-06-07,84.55728912353516,84.82198786513592,83.88185503750525,84.71245519020923,1877700
2019-06-10,87.0673599243164,88.87461085242785,85.44266346374904,85.72561418376624,3008600
2019-06-11,87.13126373291016,89.71435233830648,86.8209315427877,89.35837978434634,2311500
2019-06-12,85.57958221435547,88.99327085952987,85.50656042337795,88.99327085952987,3891500
2019-06-13,86.43070220947266,86.56797537195825,85.204341759855,86.32087669712597,2047700
2019-06-14,83.1817626953125,85.10366362949551,83.17260882439209,84.09695428133848,3758500
2019-06-17,82.09268188476562,83.83154728221426,81.93710099202298,83.28243373100881,2695600
2019-06-18,86.74187469482422,86.9249172379261,82.97128907759345,83.52040274218095,3697300
2019-06-19,88.05973815917969,88.95662203019793,86.7235592414887,87.08048341212873,2695200
2019-06-20,89.69793701171875,90.576520171942,88.71868220979052,90.14637897235849,3523500
2019-06-21,89.74368286132812,90.38432114789723,88.24276924944029,89.80774599174929,3567300
2019-06-24,89.36846160888672,91.14392857426881,89.28609073362524,90.21959008068022,3141700
2019-06-25,87.04387664794922,90.1463757207656,86.8425333718017,89.50574437153078,2882100
2019-06-26,88.9017105102539,90.14637163146993,87.93160965903114,88.89255663929208,2976300
2019-06-27,90.81446075439453,92.05911484103319,89.65216357352622,89.95417846137617,4482900
2019-06-28,89.33186340332031,92.7729861891992,89.20373712246364,92.7729861891992,23376300
2019-07-01,91.44593811035156,94.56674465114114,91.07071320522557,93.267174324342,6131500
2019-07-02,89.76201629638672,91.41851127311776,89.39593816818308,90.97922310516101,2834700
2019-07-03,89.39592742919922,89.67048773795935,88.61801586419041,88.92917769725045,1597500
2019-07-05,88.34345245361328,89.02069234712211,87.76688420429124,88.21532617598616,2688100
2019-07-08,87.44656372070312,88.58139939568392,87.11709417274773,87.57468999131267,2905000
2019-07-09,87.7851791381836,88.09634792202,86.72356048226891,86.98896689183708,3327600
2019-07-10,87.97735595703125,89.63385731204463,87.84922970623778,88.62714108101446,2803500
2019-07-11,86.1378173828125,88.31597040877973,85.98222953767775,88.1329349210823,2893500
2019-07-12,88.76444244384766,88.81935869472746,86.12869281945311,86.63205105542575,2620900
2019-07-15,90.75041198730469,90.93344753368312,88.88342008833881,88.98409173355451,3266300
2019-07-16,88.78273010253906,89.46912373320198,87.94074860900118,89.45996986306649,2925100
2019-07-17,88.22449493408203,89.27696694848188,87.9590884621127,88.77360864261598,1982200
2019-07-18,88.8834228515625,89.24949395569986,87.9041679850417,88.30684759606454,2974600
2019-07-19,89.65216827392578,90.26534496999444,88.29768861641162,89.26778947779536,3547600
2019-07-22,90.36602020263672,91.18969407168203,90.10976766167997,90.33856557072822,2173900
2019-07-23,92.37944793701172,92.37944793701172,90.75040790746098,91.41849390582998,3086000
2019-07-24,96.5527114868164,97.23910517037197,93.99932614610678,94.03593464711265,6759400
2019-07-25,93.1390380859375,96.00359201740612,92.91024020552535,95.66496864074756,4053500
2019-07-26,93.67902374267578,94.24644511500145,92.66316038871452,93.80715002314308,2940800
2019-07-29,95.39041900634766,95.91207791425899,93.51427352257741,94.86876009843633,4042800
2019-07-30,96.8181381225586,97.24827937135338,92.54419423523342,94.72234813275276,5185800
2019-07-31,94.62165069580078,95.63751384160642,93.02921940603404,95.29889046555215,5025700
2019-08-01,91.5191650390625,97.30317599023692,91.00665994919837,94.57590179983526,6705000
2019-08-02,91.94015502929688,92.26962459159034,89.58811269880968,91.11648112356318,3231300
2019-08-05,88.68206024169922,89.99078440281679,87.85838647205229,89.41420927288532,4565300
2019-08-06,91.7662582397461,91.86692987387394,89.56065012466726,89.79860189463834,3871400
2019-08-07,93.68817901611328,94.11831325991075,90.06402063791977,90.37518247160628,3998500
2019-08-08,92.87364196777344,93.90780591009595,91.9767511726585,93.90780591009595,2916500
2019-08-09,91.40935516357422,92.14151140207042,90.65889816117733,91.9218673234653,2389200
2019-08-12,89.91757202148438,91.58322040457278,89.63386486829009,90.9791975973918,2106100
2019-08-13,93.50511169433594,94.13659604893454,89.0755882893703,89.78028265566688,3488200
2019-08-14,91.51000213623047,92.70890782792384,90.75954533626826,90.84191620750036,3573400
2019-08-15,91.30866241455078,92.42519727828392,90.60396795822422,91.76625821231958,2311000
2019-08-16,94.7772216796875,95.0517818999593,91.72963954292423,92.4251799981949,3176700
2019-08-19,94.68573760986328,97.51368374797329,94.56676519602162,96.46121183908213,2987600
2019-08-20,94.145751953125,95.04263571142819,93.8437370828903,95.04263571142819,1799400
2019-08-21,94.5942153930664,95.79311429486845,93.90782161282397,94.319655088026,1398200
2019-08-22,94.5301284790039,95.35380220461661,93.64239162930781,94.7772271055093,1265400
2019-08-23,89.67962646484375,93.46851927964425,88.92002271348588,93.03838507586538,5239600
2019-08-26,90.33857727050781,91.4642662010511,89.84437288507604,91.18970588169158,2519100
2019-08-27,90.34773254394531,92.50758567716099,89.9816544399096,91.48256838233283,2475800
2019-08-28,91.77540588378906,91.97674913838358,89.44167166222952,89.99993207402713,1689600
2019-08-29,92.94686126708984,94.23728483856107,92.66315409138687,93.33124706472778,1725600
2019-08-30,93.47766876220703,94.45692348754608,92.93770907380072,93.56003963641344,1639500
2019-09-03,90.75955963134766,92.72722319188405,90.60397871739697,92.0591301755685,1902700
2019-09-04,93.21227264404297,93.4410705675592,91.68390419072054,91.77542196365533,1936800
2019-09-05,97.01031494140625,97.73331718309782,93.94442430906929,93.95357818063349,3276900
2019-09-06,96.83642578125,97.00116055674326,95.67413546363957,96.68084487727252,1422500
2019-09-09,98.28242492675781,99.28913428579312,95.91208204486885,97.4679049649818,2929300
2019-09-10,98.71255493164062,99.71926417683767,96.92793431435301,97.52280319854424,3374200
2019-09-11,100.67108154296875,101.15613200049847,98.47462018555962,98.50207481789403,3418500
2019-09-12,100.69854736328125,102.55638550280955,100.46059555268208,101.03717082519704,3031000
2019-09-13,101.68572998046875,102.31936697148357,99.9409179488081,100.66639268325466,1751100
2019-09-16,98.78382110595703,100.95105991570237,98.6093378184715,100.31741598219004,1980600
2019-09-17,98.95832061767578,99.1603524560484,97.62675032214561,98.0124506527827,1482500
2019-09-18,99.01339721679688,100.03273436811114,97.70938271905193,98.48995438284375,1252100
2019-09-19,99.50930786132812,100.17050039296268,99.10524420172118,99.30727603152465,1368000
2019-09-20,96.2400894165039,100.0419396058332,95.95540500674451,99.60114223325397,3249700
2019-09-23,97.38800048828125,98.26958831116649,95.79011599095435,96.24009858250818,1637500
2019-09-24,95.41357421875,98.44402997937642,95.19317909217811,97.62672467069736,1997100
2019-09-25,99.38074493408203,99.5276727176557,94.43099305369641,95.63399186876175,3003800
2019-09-26,99.55525207519531,100.85008194070718,99.03180201587999,99.51851836895013,3239700
2019-09-27,97.82878112792969,99.84909248409477,96.80944377688998,99.33482771741895,2809000
2019-09-30,100.20722198486328,100.44598047648337,97.90223357836688,98.80218452174972,2538100
2019-10-01,100.06947326660156,104.22946763812095,99.42664415231678,102.52138945817802,4619400
2019-10-02,97.98487854003906,100.30823728185233,97.70020118300735,99.5460289319931,2947800
2019-10-03,98.55426025390625,98.63691282976284,96.09315842472333,98.33386506201673,2947200
2019-10-04,100.90515899658203,100.99699674711091,98.40733052314584,98.77465350031459,1729200
2019-10-07,99.16954040527344,101.3275946069753,99.00424224905336,100.44600677588065,1560000
2019-10-08,95.2758560180664,98.64609425547364,95.16565491536643,97.9573531276322,3628800
2019-10-09,97.30533599853516,97.91143149359662,96.19416793049216,97.53491635159122,2062800
2019-10-10,98.48998260498047,99.4450378225045,97.20433108115054,97.68186219303114,2442500
2019-10-11,101.71327209472656,103.07238373458605,99.92254130413689,99.92254130413689,4065100
2019-10-14,102.15406036376953,102.43874473355547,100.50108621272906,100.88677948068161,1894000
2019-10-15,102.82443237304688,103.28359300201915,101.5663297274182,102.08977256419718,1870400
2019-10-16,99.7388916015625,103.23769402641565,99.65623902918135,102.27346072354568,2974200
2019-10-17,100.84085845947266,101.48368756523583,99.69295684871922,101.02452692093445,2131400
2019-10-18,100.1062240600586,101.40105367210053,99.61951480850253,100.73986110159541,1927200
2019-10-21,100.99700164794922,101.32759094219546,99.79399571876515,100.80414796746979,1750800
2019-10-22,98.97667694091797,101.42859333722159,98.87566102889922,101.18983482357372,2152800
2019-10-23,94.77994537353516,96.87371692348565,93.5677614758672,96.47883846406616,5798500
2019-10-24,97.40634155273438,97.60837336293031,95.22073934638014,95.7349970405257,3152200
2019-10-25,97.21348571777344,97.6267274677145,95.47785915804506,97.04818761655002,3594800
2019-10-28,99.775634765625,101.24494779956397,97.57166171159793,97.57166171159793,5513600
2019-10-29,105.06514739990234,108.82107830061827,104.64271341991457,105.14779295713748,9320200
2019-10-30,105.43247985839844,106.61711532948831,104.59681101047023,105.19372133398262,4095400
2019-10-31,104.39479064941406,105.35903104768325,103.86216248644182,104.60600768170899,3482500
2019-11-01,108.36192321777344,108.8670027810287,105.45084611452145,106.0385712392715,4965600
2019-11-04,108.25172424316406,110.09755222118501,106.9477095350537,108.84863455514694,3739800
2019-11-05,108.96802520751953,110.2261210937203,107.91195415246129,108.94046967913793,5598800
2019-11-06,106.95690155029297,108.82109299280046,106.09367713603365,108.51804522955153,3394500
2019-11-07,107.81092834472656,109.28942628494435,107.13137250461422,108.53640305502638,3119100
2019-11-08,108.0129623413086,108.09560790182928,106.11203738073623,106.72731101873262,2067100
2019-11-11,108.60067749023438,108.79352411998319,106.77321308246319,107.34257480331831,2902600
2019-11-12,109.22515106201172,110.96995614104844,108.76599035568914,109.23432923164799,4317300
2019-11-13,109.06902313232422,110.428141806533,107.65481442561168,108.10478992320202,2278000
2019-11-14,108.35272216796875,109.28022859086393,106.93850660427995,108.60985099659669,2497200
2019-11-15,107.88439178466797,109.7302125938629,107.27829635031573,109.3537044958066,2067200
2019-11-18,106.45182800292969,107.93032619793458,106.21306945427038,107.02118986268664,2169800
2019-11-19,104.69782257080078,107.87521370713628,104.53252444203252,107.37931932083151,3840000
2019-11-20,105.36820220947266,106.63549030646992,103.83460705494075,105.14780702113097,3714700
2019-11-21,104.92740631103516,105.59777701711553,103.24687644855472,104.97331817781202,3008600
2019-11-22,105.80899047851562,106.48854633767355,104.68863727440579,105.04678205195091,2336300
2019-11-25,107.51707458496094,109.49146705848743,106.51610058414386,106.94771277675622,3176800
2019-11-26,107.10380554199219,107.88438421441238,105.6069444172789,107.3242076878741,3628200
2019-11-27,107.82011413574219,108.27927481529566,106.70893912573511,107.3333979301773,1220500
2019-11-29,106.13958740234375,107.38850504694328,105.62532266229701,106.95689287482247,1102700
2019-12-02,105.38655090332031,106.53445249078082,104.22946414141424,106.29568699884317,2320700
2019-12-03,105.24880981445312,105.46920497530503,102.45711208746435,103.7703118898598,2436100
2019-12-04,106.78240966796875,108.07724618552388,106.1395875001134,106.47018375964934,2832400
2019-12-05,107.54460144042969,108.4904712007089,106.16711957449256,106.80994164276919,1492400
2019-12-06,108.9771957397461,110.18020150358069,108.6649698356692,109.09658200232285,2253200
2019-12-09,108.22418975830078,109.39964018320204,107.73748047357483,108.59151976764171,1150900
2019-12-10,109.37207794189453,110.74956004949078,108.56395762768314,108.60069132463406,2526300
2019-12-11,111.48421478271484,112.29233505928119,109.09658064201957,109.22514507224068,3290000
2019-12-12,113.85348510742188,115.76358820832645,110.65772369715846,111.30054584560193,4633700
2019-12-13,114.10680389404297,115.35951075860405,112.48565962137,113.59098590069185,2894800
2019-12-16,114.49364471435547,115.34106177716295,114.19889064783585,115.1384170387761,2722800
2019-12-17,115.99505615234375,116.95300869981249,113.32384326406441,114.54891780311027,3725500
2019-12-18,115.86611938476562,116.47404671256145,114.92658574977268,115.64505554079378,2528300
2019-12-19,116.01348114013672,116.19770684762231,114.60418785845977,115.74636616239391,2032800
2019-12-20,117.61620330810547,117.75436379276813,116.0226844525774,116.13321986779913,3772700
2019-12-23,117.92938995361328,119.25578697826289,117.13723695583559,118.18729892451907,2897500
2019-12-24,119.00708770751953,119.1544682825965,117.45042079135156,118.29783098807368,958500
2019-12-26,118.5280990600586,119.2834139099736,117.46883112223396,119.2834139099736,972500
2019-12-27,118.07678985595703,119.06236771578297,117.71755844088221,118.85972291189594,1011500
2019-12-30,117.48726654052734,118.22415536472411,116.38193330423218,118.15046507680592,935300
2019-12-31,117.22013854980469,117.80964676815339,116.79642995708483,117.37672513303963,957800
2020-01-02,118.39915466308594,119.28342406817097,117.15566794169855,118.46363893600225,2247900
2020-01-03,117.25698852539062,118.15966994741902,116.17008138535154,116.27140377338428,1546100
2020-01-06,116.42798614501953,116.97143618160422,114.84368016498804,115.50687867081447,2157900
2020-01-07,117.93860626220703,119.54133848270753,116.98066058023204,117.44121436204398,2595500
2020-01-08,118.23335266113281,118.92418324756316,117.1003874072905,118.09519216584044,1589100
2020-01-09,118.9886474609375,120.61901149810541,118.5373138290826,119.55974360764776,2429600
2020-01-10,119.41239166259766,120.50851198257351,118.98867597189765,119.84531336973075,2294000
2020-01-13,121.56776428222656,122.05595013430403,119.88213586553098,120.66508286489265,2313900
2020-01-14,122.24017333984375,123.13363461723813,120.93218841957008,121.03351079916919,2499200
2020-01-15,122.04674530029297,122.42440275328656,121.18090199049703,122.00068711371091,2206200
2020-01-16,123.59418487548828,124.31266158208354,122.32306621378193,123.40996620545671,2495100
2020-01-17,123.28105163574219,124.79166770694567,122.0191385798249,124.34033392752377,2268300
2020-01-21,123.39156341552734,123.84289708264946,122.22175298801614,122.87573142384049,2018200
2020-01-22,124.01790618896484,125.54694792525473,122.94941817649834,123.90737779284218,2422000
2020-01-23,125.64827728271484,126.39437210793461,124.21135183340492,124.24818994916298,2534100
2020-01-24,124.60741424560547,127.03913734231216,123.93500974501566,126.6430678866858,2887600
2020-01-27,120.15848541259766,121.33750203389593,117.95703877775311,121.18091542614393,3781200
2020-01-28,122.21253204345703,123.10600741134505,120.88614909642288,122.04673944569697,2207500
2020-01-29,122.19409942626953,124.13763641747519,121.34668238552813,122.55333071587711,2273000
2020-01-30,121.23616027832031,121.59539162816019,118.68470271496369,120.4900654790363,2039700
2020-01-31,116.85169982910156,120.63745227516482,116.10560499129829,119.76240294755587,4448500
2020-02-03,115.783203125,118.85049260608395,115.14764376609847,117.6162120019195,4205200
2020-02-04,120.21373748779297,123.88896155582366,117.67148579001095,122.50730027453194,5560000
2020-02-05,123.64025115966797,126.04434220684176,121.98225491075767,122.87573027669865,4386700
2020-02-06,124.6626968383789,125.04035432038857,122.55336665871512,124.69032894145411,2082800
2020-02-07,121.82568359375,124.22056892615745,121.58620068250376,123.87976361880969,2522400
2020-02-10,122.68228912353516,122.7928175069751,120.16767001539824,120.43478496037228,1769600
2020-02-11,124.82849884033203,126.3391146568523,123.23497266270257,123.5481599108117,2407000
2020-02-12,126.95625305175781,127.50890913896596,125.40878508660674,125.80486863467554,2592900
2020-02-13,127.74840545654297,128.27342943952462,125.25219786854959,126.07198300722905,1426200
2020-02-14,126.2654037475586,128.57737825570305,124.06395762952963,127.9233998742084,1846700
2020-02-18,123.30864715576172,124.80085074974184,122.14805685376295,123.80605303874975,1919900
2020-02-19,124.30345153808594,126.48648582172473,123.7139433134501,124.26661342310202,2028200
2020-02-20,124.16529083251953,124.47846400181072,121.23616174419126,123.73236919350565,2295000
2020-02-21,120.20450592041016,126.30223191471705,119.32023670415973,123.97183150671229,3521900
2020-02-24,114.2541732788086,115.67267964895937,113.498865422234,114.72394006384047,5135500
2020-02-25,111.2882080078125,115.96743580025141,109.61179263681966,115.68188769620006,4628400
2020-02-26,110.04471588134766,113.17648283613576,108.9025445310694,111.9514081552566,4415400
2020-02-27,105.59576416015625,108.54330537490536,104.91414657190037,106.24053660479119,4950600
2020-02-28,104.72071838378906,106.48003012942097,101.32182931523485,101.34024837392259,5492900
2020-03-02,110.6065902709961,110.8460731611677,105.40233149123169,108.313027536525,4306000
2020-03-03,107.36428833007812,113.0935781246949,107.16164355496421,109.98945033633602,3969600
2020-03-04,111.70269775390625,111.7671749945285,108.23933878977903,108.89332423823112,2755600
2020-03-05,106.1760482788086,109.53809173777971,105.03387705573748,107.35507166914698,3161500
2020-03-06,102.87848663330078,105.07071969150583,100.5204469363118,102.00343039634487,3544400
2020-03-09,93.9253158569336,99.47959194972815,93.45554914947343,96.43993494026773,5696500
2020-03-10,98.42032623291016,98.92693812393617,93.61214438532481,96.19124796737954,4622400
2020-03-11,92.58972930908203,97.02026147386633,91.0699074493619,95.4543743974222,4957800
2020-03-12,84.71424102783203,89.55926748060142,79.21522922360853,79.5836735557282,7271900
2020-03-13,88.36289978027344,92.21039097770523,80.97312195197826,88.78834307743452,7099000
2020-03-16,74.2862548828125,80.2979662694274,72.38100707059758,78.18924401974016,7781200
2020-03-17,74.06427764892578,75.82154834483511,69.92081854666368,75.51633672294415,9133800
2020-03-18,59.710166931152344,71.01218583418655,54.02216501281926,67.83985159408577,10744500
2020-03-19,70.40177154541016,71.43763120814184,58.31360328511201,59.959889825455576,6107900
2020-03-20,68.05258178710938,77.68056614142367,67.2386839511436,72.91743905088185,5722100
2020-03-23,71.4653549194336,72.70469571503172,63.96459716147118,68.63522911280687,3664800
2020-03-24,79.28984832763672,81.66678613266953,75.1926357003802,76.79267178428101,3691000
2020-03-25,78.48521423339844,83.22983985860897,76.3117505006271,80.6124382606943,3173900
2020-03-26,82.98011016845703,83.10959260959038,77.46783448962744,79.96500391864362,4068300
2020-03-27,75.19261932373047,81.26907033807346,74.79492131582774,79.65977678632056,2923100
2020-03-30,78.5499267578125,78.7534011450816,73.1671344804519,75.5163265817416,2963000
2020-03-31,76.7001953125,81.06562415816435,75.92329349027699,78.45746635546013,2696900
2020-04-01,69.11615753173828,73.98101224362851,68.26526414445371,73.5093293974973,3434000
2020-04-02,71.93707275390625,73.31514020583946,67.9878433377062,68.57976521194323,2455300
2020-04-03,70.0595474243164,73.16713979536138,67.38664908378412,71.45611595598713,2330700
2020-04-06,80.40894317626953,80.64016281314055,73.89779735523005,74.05502501479916,3657900
2020-04-07,77.94877624511719,84.96860929583615,77.44009719036421,84.96860929583615,3938300
2020-04-08,84.70037841796875,86.77210437257976,79.0216247447736,79.53955446936054,4222100
2020-04-09,83.21133422851562,89.68548485313043,82.69340443655099,85.79174653850666,4008200
2020-04-13,82.41593170166016,82.7673830255296,80.72340218882123,81.93499088345604,1717800
2020-04-14,85.3478012084961,85.74549931264875,82.36044710246045,84.13621242768265,2561200
2020-04-15,80.59391784667969,83.69225963806016,79.59504729979022,83.57202796448149,3902200
2020-04-16,82.32345581054688,82.49917796688321,79.53031815966703,80.83440052551974,2985600
2020-04-17,83.39629364013672,86.33740758725332,82.04597186088058,84.95008982080707,3477200
2020-04-20,80.18696594238281,82.9893538230189,79.97424783142282,82.81362464384594,2798700
2020-04-21,74.97065734863281,79.04937537745128,74.4157315977343,77.78228915028426,5091700
2020-04-22,82.36966705322266,82.73036906037426,78.42969019721863,79.03085550496323,3599000
2020-04-23,81.46328735351562,84.3119143857201,80.99159741583443,81.9072250132352,2398700
2020-04-24,87.33628845214844,87.98370066426035,81.2413346712781,81.2413346712781,4025200
2020-04-27,89.83345031738281,90.33288557722125,87.79872034583066,88.04843444761822,4775900
2020-04-28,90.95256042480469,97.5562002866746,90.89706996541328,97.13074991046078,5908800
2020-04-29,98.7492904663086,99.72966663466588,93.41274375458973,93.41274375458973,6470700
2020-04-30,92.09014892578125,98.24059215920323,91.13752523119915,97.94463133121401,4967900
2020-05-01,88.32589721679688,91.56297198390462,87.87270872515543,90.1571597612307,2799800
2020-05-04,89.30626678466797,89.43574921173666,85.64374872701832,87.15130521630293,3739200
2020-05-05,91.74797058105469,93.16304101746493,90.85084410709294,91.24854225792753,2913300
2020-05-06,92.83932495117188,94.81856488110837,91.39651638145568,92.219657891744,2703200
2020-05-07,94.94803619384766,95.37347948396675,92.60808751379749,94.52258584746514,2336900
2020-05-08,96.96426391601562,97.44520471412336,94.0509021248901,94.97578067604445,2694100
2020-05-11,94.85553741455078,96.04863153526486,94.35610217404746,95.97463956120592,1839500
2020-05-12,90.94330596923828,95.70643172728268,90.75832603269241,95.0960085210759,2000200
2020-05-13,86.04145812988281,89.52825452905266,84.81136785404777,87.88196463445978,5532500
2020-05-14,86.55937957763672,87.66923806460095,82.40667688931045,84.8576064430602,3380100
2020-05-15,83.6552734375,85.44028956476782,82.61941383619344,83.15584516187823,4376400
2020-05-18,94.40235137939453,94.71681374919964,86.40215067478213,87.06806434612172,5700400
2020-05-19,91.5999755859375,94.43010178817052,90.9895523349582,93.26475279937779,3498700
2020-05-20,95.81741333007812,97.26022862058103,94.04164826389638,94.09713871713234,4409300
2020-05-21,91.46124267578125,95.8081692013325,90.28664997797723,95.12376102441355,3395100
2020-05-22,90.94330596923828,91.96067092331984,89.5744826638511,91.43349045262447,2694800
2020-05-26,94.34686279296875,97.35271807829322,93.97690996198384,95.41971824093531,4900700
2020-05-27,96.54806518554688,96.87177124639427,93.74568448465484,94.59657100352884,5118100
2020-05-28,91.8034439086914,96.0116369426634,91.67396148033923,95.98389171605409,3774300
2020-05-29,88.88082885742188,93.13526885341062,88.88082885742188,91.75720176464489,42770800
2020-06-01,91.73870849609375,92.83930920668952,89.33401854602158,90.36063433306808,6320700
2020-06-02,93.82893371582031,95.35498485884479,91.81269803038049,92.67283543417508,5259400
2020-06-03,100.39559173583984,101.90314156710667,97.8336736314993,98.0371480867194,7679600
2020-06-04,101.32044982910156,102.7910033635053,98.77703377005875,99.65566558613179,6754200
2020-06-05,105.2696762084961,109.92181418288928,104.78874246757293,107.2211705121948,7954100
2020-06-08,105.52864074707031,109.0339312851457,104.7794913823906,108.65473475032802,4465100
2020-06-09,103.13323211669922,105.30669578329773,101.88464720663326,103.17022811371231,3161300
2020-06-10,102.0048599243164,103.9656050635779,101.62565631769067,103.66963714254497,2926000
2020-06-11,94.7723159790039,99.39670920872976,94.6705787634488,97.63018760796773,2980400
2020-06-12,98.55502319335938,99.6039792012231,95.79804340397553,98.99131387816841,3346800
2020-06-15,101.60904693603516,102.52803780254068,95.79803966214462,97.36682770185895,4030600
2020-06-16,105.1364974975586,107.92132432559711,102.61158670698805,105.96266222330222,5838000
2020-06-17,108.37618255615234,109.29517347019163,106.19473618666174,106.40823562096503,4844200
2020-06-18,108.78462982177734,110.71543786465776,107.0673141383034,107.0673141383034,5303400
2020-06-19,108.85889434814453,112.95259381493716,108.60826301120181,110.4183978951824,22349900
2020-06-22,108.64539337158203,109.62007864848454,106.38968304191933,109.26733641715532,3762300
2020-06-23,111.31883239746094,111.7087065343017,109.36016989005029,110.00068245927606,2487200
2020-06-24,104.95085144042969,110.36270062918766,104.52384545582224,109.2023559703038,4056000
2020-06-25,105.2386245727539,105.78630386708508,103.02004609164943,105.09009705295986,3482100
2020-06-26,100.39302062988281,105.03439923429549,99.09343320421091,104.29177582471678,4922100
2020-06-29,103.5770034790039,104.52384156928666,99.32549910721453,101.74829923145101,2510300
2020-06-30,105.86056518554688,106.55677198361566,103.36350120350868,105.22005266502542,2681500
2020-07-01,103.88335418701172,106.3804114175804,103.66984762450033,105.86986394735504,1824300
2020-07-02,104.6352310180664,107.37364131649727,104.50527299535871,106.0276444746613,2030500
2020-07-06,108.17195129394531,108.47828393249077,106.77025319693053,107.38291847402144,2002000
2020-07-07,107.15086364746094,109.03526217323308,106.95592660157224,107.91204943329454,1327200
2020-07-08,108.07913208007812,108.35761760245528,106.31540696344521,107.83777843282999,1499100
2020-07-09,109.44369506835938,110.46479681576643,105.12721209567687,108.20908681598918,2320800
2020-07-10,108.70111083984375,110.92897450576866,107.74498775758772,109.99141382609768,1621600
2020-07-13,108.64539337158203,113.90871511340106,108.48758819563332,112.05216363490277,3100500
2020-07-14,111.81080627441406,112.135708438188,107.20655960935562,108.05129390367728,2583200
2020-07-15,113.0918197631836,114.15005339666119,111.62514259321256,113.21249304342898,2037800
2020-07-16,112.44203186035156,112.97114872074187,110.02851648106561,110.67831371383818,1534700
2020-07-17,113.9087142944336,114.01082519159141,112.00575329196364,113.87158241526878,2173100
2020-07-20,114.69773864746094,115.11546694509595,111.7736759749222,113.14751999006258,1731200
2020-07-21,114.63275909423828,117.07412860888275,114.13148938874681,116.03445732169511,2380100
2020-07-22,112.65554809570312,115.28257022643733,112.2192573503367,114.15007265306458,2333500
2020-07-23,110.63191223144531,112.94331703439592,108.89603390284424,112.85977561025452,2605400
2020-07-24,107.44790649414062,109.57365858263375,106.17616630397681,108.4782930322788,3147700
2020-07-27,111.61589050292969,111.74584856034068,107.94920358763699,108.65469524371305,2978600
2020-07-28,106.97447204589844,110.46479008538844,106.75168789764429,108.20908022304666,6709100
2020-07-29,110.54835510253906,111.16102049385228,107.44791751284677,107.44791751284677,2861600
2020-07-30,108.81248474121094,109.41586539621788,107.36437683493983,108.50615204344376,3057700
2020-07-31,109.1002426147461,110.12134447511302,106.53819968266531,109.87071315060304,3344800
2020-08-03,110.60406494140625,111.16102901481435,109.43443542972155,109.91714282027569,1606200
2020-08-04,112.23782348632812,112.84119705353666,110.73401423307259,110.90110415010098,2327700
2020-08-05,111.26313018798828,111.439504843975,108.84032995253429,109.70362666956022,2182900
2020-08-06,113.6673583984375,113.78803877390898,110.51122663513868,110.99392689047963,2337900
2020-08-07,112.05215454101562,113.87157399242236,110.83611568758826,113.14752010771961,1842700
2020-08-10,112.68339538574219,113.10111665022946,111.10532940636577,111.87579291459377,1224400
2020-08-11,112.62769317626953,115.55176306836002,112.46060326580204,113.41672611040656,1764300
2020-08-12,115.95093536376953,116.41507327091996,113.1196912972789,113.37960739213396,1735500
2020-08-13,113.93655395507812,115.62601539419043,113.73233217416653,115.38466881873248,1096800
2020-08-14,114.21504974365234,114.79058326133075,113.41673202778763,113.58382194697285,739300
2020-08-17,115.84880828857422,116.05302299018487,114.85555358918839,115.51462847549287,1171800
2020-08-18,115.45892333984375,117.14838474749364,114.0757945978565,116.90703817653022,2000800
2020-08-19,114.87413787841797,116.55431492169473,114.2893266351682,116.12730887520053,1561000
2020-08-20,112.73908996582031,113.95513604614457,111.95934171478686,113.31462349552271,1112900
2020-08-21,112.7854995727539,112.7854995727539,111.20743368732467,112.25638269755171,1376000
2020-08-24,114.90196990966797,114.96694892814995,113.3981677441761,113.89943041121883,1042400
2020-08-25,118.17879486083984,118.63365512136784,115.96021617100206,116.88849201050516,2054900
2020-08-26,118.38299560546875,119.20916038898731,117.0648458477404,118.07666293323881,1422900
2020-08-27,117.0091552734375,119.1441922246227,116.44290652765834,118.94924809454393,1376400
2020-08-28,118.10453033447266,118.3087450565709,116.27582591892097,116.8977689903697,1736600
2020-08-31,116.73995971679688,118.55009458733444,115.89522538909141,117.85388777833047,2257300
2020-09-01,119.00493621826172,119.76612905476823,116.9163159931053,116.96273260875904,2090500
2020-09-02,122.62521362304688,123.41423939213391,119.46906805361358,120.37877418447464,1541400
2020-09-03,117.05555725097656,121.59483166415376,116.08087207442652,121.59483166415376,2010100
2020-09-04,117.2690658569336,117.9652726021082,113.5466784763893,117.30619773320466,1607600
2020-09-08,111.13317108154297,113.85301924278542,110.65974847813716,112.33992527637785,2541600
2020-09-09,115.3289566040039,116.61925909953466,112.69265734418532,113.40742642789705,2269000
2020-09-10,114.27073669433594,118.60578249239715,113.76018931114344,116.2201142383596,1487800
2020-09-11,115.80241394042969,117.56613949704114,114.32645871731003,115.54249783186896,1397200
2020-09-14,117.03605651855469,118.82372487643842,115.90015164686675,117.47366265034043,1538600
2020-09-15,118.62821197509766,119.92240503295022,118.07887429606527,118.60958650609447,1601100
2020-09-16,119.72686004638672,122.25938368548387,119.5127169009901,120.10860398036186,2053200
2020-09-17,118.9540786743164,119.30788442277675,114.39181225863373,115.09943085908905,2066300
2020-09-18,117.399169921875,120.09929425753279,114.88527183541773,119.81064925409926,4200600
2020-09-21,112.98590087890625,114.99702541729847,111.05857674804808,114.47561881278821,2024500
2020-09-22,114.17766571044922,114.96908473444617,112.37138597394937,114.32664104318953,1606800
2020-09-23,111.67308044433594,115.45324073061025,111.19823044911544,114.6804471724844,1595700
2020-09-24,110.94685363769531,112.86486505598452,110.00646629514479,110.46269086382284,1810500
2020-09-25,111.57067108154297,111.88723303601249,109.16849690743074,110.38820236094105,2039600
2020-09-28,115.4532470703125,115.61152804289915,113.50730462213077,114.01939137524084,2143400
2020-09-29,114.79218292236328,117.4457439876594,114.67114578729193,117.40850015297549,1626400
2020-09-30,116.20741271972656,118.03231799169944,114.72700758973393,115.33220747006244,2005200
2020-10-01,121.96147918701172,123.06944613807158,119.1775607395649,120.69521703587094,3429300
2020-10-02,118.6095962524414,121.48661344228928,117.91129028167805,118.40475869778511,2130600
2020-10-05,122.9018325805664,122.9670146142069,120.10860911282626,120.5555208896853,2269200
2020-10-06,121.8776626586914,125.70437993349563,121.40281971476362,122.62252519967187,2187500
2020-10-07,124.3915786743164,125.61128419024817,123.84223383453941,124.14018454133857,1838900
2020-10-08,125.53679656982422,126.55166452705443,124.88504715724847,125.76025960002376,2208200
2020-10-09,131.7749786376953,135.1454639295084,129.23314911900474,132.6594966101409,5037400
2020-10-12,132.28709411621094,133.37644980241865,130.7322010833979,133.143681129116,2861300
2020-10-13,127.40825653076172,132.20329968445085,127.1661822271221,131.28153063142886,2605400
2020-10-14,127.65962219238281,128.5813910397543,126.4771536278481,127.37099137745703,2317200
2020-10-15,127.4361343383789,128.1065089680175,124.47532489669705,125.31328608021214,1555900
2020-10-16,127.7713394165039,130.04316328755465,127.51995955074126,129.72660139262285,1300600
2020-10-19,126.93343353271484,129.27974608699014,126.18857082580965,128.14383365555148,1606800
2020-10-20,125.89061737060547,128.30209745177032,125.59266664500372,128.18105319361055,1353900
2020-10-21,126.49578857421875,128.60001193673384,125.9464580009662,128.42310549960195,1681900
2020-10-22,125.59266662597656,127.02651542326824,124.13088672404804,126.68202232803188,1512800
2020-10-23,127.72480010986328,128.25551942342287,125.09917726324538,126.16990731426077,1439700
2020-10-26,125.59266662597656,126.71927327226274,123.56293058464423,125.87199187941775,2856100
2020-10-27,124.04705047607422,127.1568500738412,122.57595107523098,126.97994364739426,2530500
2020-10-28,120.8255615234375,121.886986058043,118.06026867145212,121.10488676034879,3015700
2020-10-29,126.78441619873047,128.0320526509034,119.91308166694702,119.91308166694702,2721700
2020-10-30,125.80680084228516,126.430619146394,123.8143016804652,124.31708994215214,2286300
2020-11-02,127.8458480834961,128.80485376265636,126.63544829019489,127.64101053968801,1903100
2020-11-03,129.30763244628906,131.73773748475523,127.55720782188705,128.16240057033096,1747400
2020-11-04,129.7731475830078,131.7377150318152,127.27786093476124,131.32804004426225,2354400
2020-11-05,134.4285888671875,135.2293137914477,131.35603907841806,132.21262621949828,2242200
2020-11-06,136.6072540283203,137.30555991483078,133.72091734791584,134.33542993774176,2748200
2020-11-09,134.87545776367188,141.97024117701784,134.58682693083475,139.4191060425968,3523700
2020-11-10,130.57388305664062,134.53094938047053,130.29455788648602,132.93880585553714,2172300
2020-11-11,135.0709686279297,135.8809988012753,132.8643126619866,133.43226860838473,1659800
2020-11-12,134.35406494140625,136.4862194817642,133.7302466766983,135.93688888841893,1431800
2020-11-13,136.3931121826172,137.4079800044325,135.62031862258075,135.9461861818519,1085000
2020-11-16,139.65188598632812,140.79710377961493,138.07836762096852,139.09323553702814,1888300
2020-11-17,139.09323120117188,141.10435570747518,137.72455042941579,140.3594932006513,1798100
2020-11-18,137.93869018554688,140.22913985100948,137.63144808340448,139.18634089155088,1218400
2020-11-19,140.91812133789062,141.36503308845082,136.93312389498024,137.7990162996324,1765400
2020-11-20,140.19189453125,142.48232984932423,140.17326906323777,141.45814221469305,1533200
2020-11-23,145.16383361816406,145.57350868516176,140.85295399098834,142.0074915246118,2137000
2020-11-24,147.5474090576172,147.6870645799889,144.0745043996063,147.4542959046544,2314000
2020-11-25,146.8025360107422,148.30156674152965,145.86215574384093,148.04086698026848,1700300
2020-11-27,147.98497009277344,150.68508021891162,147.2680388137932,147.52873851395546,1038600
2020-11-30,147.50086975097656,149.82855677685438,146.03908968640386,148.04089484582911,2268000
2020-12-01,148.11534118652344,150.61993400029903,147.714971742164,149.34435220540848,1932900
2020-12-02,149.4746856689453,149.74470521489263,146.61629450053172,148.1246305604146,1145000
2020-12-03,147.84530639648438,150.97371713225826,147.8080696694102,150.00540595057362,1576800
2020-12-04,152.68692016601562,152.8545067651796,148.12464635881602,148.61811473244785,2248700
2020-12-07,153.7111053466797,155.74085540253105,152.97556264923242,154.1952681262425,2213400
2020-12-08,154.9028778076172,155.59187813128622,152.51932908702415,153.55282246899216,1329300
2020-12-09,146.47666931152344,153.54352242556934,145.14522518748885,152.65900435821473,3678700
2020-12-10,147.36119079589844,149.30713343061547,145.71318466547177,145.71318466547177,3002400
2020-12-11,146.2718048095703,147.76151543620603,143.91618753881144,146.64422891446202,1442600
2020-12-14,147.89108276367188,149.0857085202403,145.14717183368856,149.0203705261634,2075000
2020-12-15,149.38438415527344,149.9723692412991,145.64184655058287,146.77113451201632,2499500
2020-12-16,146.78976440429688,150.44830720790034,146.16445365827633,150.39231135617626,2195200
2020-12-17,147.5177459716797,148.20839473825174,145.9311350528072,147.90973119344383,1686400
2020-12-18,145.1378173828125,148.32038124538275,144.3631748618283,147.52708293429853,4232000
2020-12-21,146.55645751953125,146.7617851627005,142.72991243253654,142.96323800513224,1529500
2020-12-22,145.94981384277344,148.95504829769817,145.3711567502495,146.6497905467268,1489900
2020-12-23,146.39781188964844,148.04976108966972,146.35114392243776,147.40578016892934,1571300
2020-12-24,146.83645629882812,147.39642914841846,146.07114155767238,147.200443635434,480500
2020-12-28,147.62046813964844,151.00836107986092,147.37781459436698,148.86176228645098,1063400
2020-12-29,145.5111541748047,148.8897036920678,144.42852016957212,148.20839705130155,1043400
2020-12-30,148.7590789794922,149.0857405379059,146.2578352148417,146.99513789440198,888900
2020-12-31,148.4044189453125,149.543049085088,148.03110365797136,149.19773173224416,839100
2021-01-04,151.2322998046875,154.7788514252333,148.04040761851522,149.63636083213288,2931600
2021-01-05,154.6201934814453,154.90018702536094,150.37366508173756,150.7563224503868,1980600
2021-01-06,157.46678161621094,160.34135470890428,153.63090819355648,153.63090819355648,2686500
2021-01-07,163.31857299804688,164.72785433040826,160.46265602563315,160.61198781002005,2485500
2021-01-08,163.3558807373047,170.37431717473586,160.06132515474556,169.28235532429846,2827900
2021-01-11,161.65728759765625,164.6905198840581,160.46264762615783,162.75857740747082,3000900
2021-01-12,164.33587646484375,167.06111756763397,161.67595911999516,162.6652573141719,3112100
2021-01-13,165.5865020751953,166.11849125312747,164.42920202849177,166.11849125312747,1750300
2021-01-14,167.99441528320312,169.0117113801185,166.70645354222506,166.70645354222506,2617400
2021-01-15,160.73330688476562,167.8450651297428,157.2147535844101,167.65840753695466,3598600
2021-01-19,163.327880859375,166.5944384765625,162.89855559219205,165.48380660814897,2522300
2021-01-20,162.8519287109375,168.2837408669335,162.1239540327222,166.93045533645957,2590700
2021-01-21,162.03994750976562,164.96118838743018,160.27600665902773,164.85852456051683,2187400
2021-01-22,160.80795288085938,163.48652532078177,160.45329352968423,161.05994843253958,1974000
2021-01-25,162.78660583496094,164.96120217510793,159.62271121154205,164.90520630866837,2006000
2021-01-26,157.49476623535156,162.82392873966447,157.4107724445479,162.78658867193178,2231100
2021-01-27,149.8510284423828,153.4629041100186,145.61384188662043,151.8669650089506,3714500
2021-01-28,153.36956787109375,155.67482567940178,151.54963124376184,155.4228300722134,2484700
2021-01-29,149.7670440673828,156.37482706833362,149.15106103755895,153.20159021961572,3535400
2021-02-01,160.08935546875,160.93866404904526,155.02153040111074,155.33884979119992,4953000
2021-02-02,165.39051818847656,170.79433260990209,159.3147106846303,167.99442551793646,6621800
2021-02-03,162.48794555664062,169.61837497282255,161.5639710992338,167.9850958530329,3272600
2021-02-04,169.34771728515625,169.34771728515625,163.4679093289785,164.15855823034804,2703100
2021-02-05,169.8516845703125,171.84895085054723,168.98370605730312,170.7476467709634,3031400
2021-02-08,175.57284545898438,175.60084339210238,171.72764407275682,172.38095291395112,2332800
2021-02-09,175.49815368652344,175.8341430754753,172.16627196705812,174.85418707867305,1702800
2021-02-10,175.36749267578125,179.12869972404275,171.15830452071893,178.8300503998631,2839800
2021-02-11,181.06068420410156,181.7699889741999,175.8341845306496,175.8341845306496,2611700
2021-02-12,181.42465209960938,182.82460569292115,178.13009578263413,180.28602203776396,1671700
2021-02-16,182.39529418945312,186.83782304420365,180.7713570120511,186.15651623116793,2177800
2021-02-17,177.0381317138672,181.93796923579933,175.37685460762106,179.73537503725012,2395200
2021-02-18,173.48226928710938,176.34750049118605,170.84102156362474,174.99421474536834,2770100
2021-02-19,178.8114013671875,179.90336345385714,175.91817250468773,176.77680899400752,2193900
2021-02-22,173.23023986816406,179.56735619698333,172.63292696789088,178.07408106683178,2407800
2021-02-23,169.00241088867188,171.60631848173438,163.63592175246947,171.60631848173438,5191300
2021-02-24,173.7902374267578,174.3595524317584,165.12917848871257,166.12781884218236,3161700
2021-02-25,166.61314392089844,175.4608464456604,166.17449066549915,174.070220780558,3366300
2021-02-26,170.37435913085938,171.8863044897849,165.30651959943194,169.8983657837423,2929000
2021-03-01,174.8075408935547,175.36751378419214,171.0930013603882,174.07956616698095,4355200
2021-03-02,170.113037109375,177.1034631631566,169.9170373339215,176.39415844645154,2770600
2021-03-03,164.2518768310547,171.8862828059641,163.8225515071771,170.42100560096563,2418900
2021-03-04,156.12281799316406,164.8958545004988,153.23891711212372,162.01195361945847,3754500
2021-03-05,168.83441162109375,169.91704590732053,154.96553630662888,162.60928583688806,5076200
2021-03-08,159.59471130371094,171.33565727112222,158.801398562793,166.89314294874953,3168600
2021-03-09,171.5596466064453,172.88493424837415,163.3279129576682,164.38254918133526,3687700
2021-03-10,168.395751953125,174.85421735240598,168.2090943138483,173.63157919685378,2240200
2021-03-11,175.92752075195312,176.85149535112114,172.68895994683615,174.238245510306,3206900
2021-03-12,171.74594116210938,174.73209676228126,170.17328872867148,173.0751989173356,2078000
2021-03-15,187.13540649414062,187.21965190940563,181.79964927146773,184.2241403356003,12102100
2021-03-16,189.8219757080078,193.0327996884484,187.81872630174306,188.2493377219564,6890100
2021-03-17,195.0266876220703,196.19681032444484,186.28353421802186,186.8077469032897,7321600
2021-03-18,185.89974975585938,194.94246236244692,185.05726703657083,191.10445378851944,8297300
2021-03-19,189.12928771972656,191.46017754842194,180.8729084262174,183.80290057488685,53102200
2021-03-22,187.59405517578125,192.94853749755413,184.08368726991915,190.13088733392263,5876600
2021-03-23,179.37513732910156,187.4349436188416,177.662075863062,187.3226164026178,4748000
2021-03-24,175.31246948242188,182.08045545852147,175.28438767916327,180.90097687048493,2893000
2021-03-25,179.0849609375,179.73087104069873,170.63199455156524,170.98771647129237,3512600
2021-03-26,186.28353881835938,186.68605418172874,176.98809069732962,178.5981664345319,3096200
2021-03-29,181.734130859375,185.02920101023585,179.6185537565727,184.32712725638277,2707300
2021-03-30,185.13214111328125,186.10567693593285,179.98360112174507,180.09592833258668,2324500
2021-03-31,188.47402954101562,190.21517296188563,185.34746462642187,187.2383872043773,2854000
2021-04-01,194.7833251953125,194.99862379295067,191.09509581208772,192.1528914033232,2662800
2021-04-05,200.98025512695312,202.5997008075842,196.2342452839845,197.83496500355378,2663700
2021-04-06,199.30467224121094,200.98028174320896,195.32625487022906,199.02383992298485,2177500
2021-04-07,198.58389282226562,199.75401569745193,196.82402344719299,198.35922408808833,1522500
2021-04-08,195.8411102294922,197.207805599275,193.85657233739636,195.64452332313238,3177300
2021-04-09,195.82237243652344,196.13128653715606,192.87365472160687,194.19355652874884,1878000
2021-04-12,194.6522674560547,194.91437381671236,191.77843904521652,194.68970510026634,1686200
2021-04-13,189.0918731689453,194.51187651602683,187.89366838265218,194.07192341750488,3033300
2021-04-14,187.11666870117188,190.33684879585033,185.89973818394222,188.34295505826427,2879000
2021-04-15,188.8765411376953,189.80326923042185,185.84357777417375,189.80326923042185,1858100
2021-04-16,186.63929748535156,189.16676022630548,186.29293137569505,188.3336332487833,2187600
2021-04-19,182.3144989013672,186.80777357680648,179.72151690694557,186.6299126152536,2686000
2021-04-20,181.4720001220703,184.02754424381507,180.06785280273635,181.4720001220703,3197900
2021-04-21,188.27748107910156,188.48342387561493,180.1615094359818,181.75287390417085,2747800
2021-04-22,183.7092742919922,189.15737274756572,183.3629225239917,188.38040951676786,2379900
2021-04-23,188.679931640625,189.8126166318063,185.29126107343183,185.43167007560479,3210500
2021-04-26,191.91888427734375,193.51024858708178,189.18547885837242,189.46629693135847,3238900
2021-04-27,190.40235900878906,195.82237532499028,189.5224387414393,194.50247349837917,2790700
2021-04-28,185.9558868408203,190.86104615856917,185.67506883026456,190.86104615856917,2191500
2021-04-29,187.93109130859375,188.77358835664236,183.84970211139688,188.34297684980953,1982500
2021-04-30,180.20828247070312,185.65638155018823,178.8415869221653,184.66411961622129,3704600
2021-05-03,179.58108520507812,183.41909375111643,178.29863517084823,182.30513454602954,2245300
2021-05-04,178.8789825439453,179.4968107181876,173.36536530496767,176.4544918924556,4444300
2021-05-05,178.24246215820312,180.4142025603697,176.4264293600378,179.7495808355102,4243000
2021-05-06,180.21766662597656,180.31126789504302,174.35768154400998,177.315755894086,2785600
2021-05-07,185.27256774902344,185.815506459274,180.97588012095613,182.53916251666715,3321400
2021-05-10,176.9506378173828,183.85904695636705,176.8383106065781,182.8199774052493,2850400
2021-05-11,180.2363739013672,180.5078504275944,170.92219797524803,171.69916133650918,3037300
2021-05-12,171.1000213623047,177.84929541309742,170.10775959334396,175.78986802424564,3820500
2021-05-13,174.5261688232422,177.04427552822008,172.88799680306826,173.03777595872137,2586100
2021-05-14,179.9835968017578,182.49233300850352,176.13623280180576,176.7353350514558,2953800
2021-05-17,178.96327209472656,179.2347486096497,175.27505666829205,178.10206334410782,2244600
2021-05-18,179.02880859375,182.86681752415265,178.96327485336977,180.73251443890965,2288500
2021-05-19,182.48300170898438,183.297402645007,174.22660799060202,175.200158204532,2748900
2021-05-20,186.91075134277344,187.80004189717636,183.09146845242617,183.09146845242617,2641400
2021-05-21,187.0698699951172,189.391403928767,186.4520417248527,188.27744473097286,2237200
2021-05-24,191.3197479248047,192.55539007759526,187.9123511685844,187.9123511685844,2092100
2021-05-25,191.6754608154297,193.4353299886842,191.0857286668991,192.83622771664167,1916500
2021-05-26,192.96726989746094,194.57735984003446,190.98274641259204,191.60993045198506,1983300
2021-05-27,196.78659057617188,196.96445154291322,191.90015618809872,193.31365951348891,3503800
2021-05-28,197.909912109375,199.66041145897674,196.29982179925517,197.04870333852233,2239000
2021-06-01,194.62417602539062,200.60584282404176,194.38078135701497,199.24850331983205,2264800
2021-06-02,194.5680389404297,195.2326607399124,192.3588463632323,193.88467689162565,1764800
2021-06-03,187.92172241210938,192.62093959465986,187.80939519366396,192.45243448326607,3895100
2021-06-04,189.0918731689453,190.2619961464759,187.84686060680542,188.4834149341205,3485600
2021-06-07,188.29615783691406,189.09184706528305,186.9575441916007,189.09184706528305,2587800
2021-06-08,185.5814666748047,190.1028226589112,184.8793930303855,190.1028226589112,3322600
2021-06-09,184.76708984375,186.8452292441539,183.96204472211852,186.0121023157921,1939000
2021-06-10,188.2025604248047,189.70967921393327,185.06662550040653,185.34745783872557,2371200
2021-06-11,188.27748107910156,189.47568592223652,186.68610232718407,188.16513955499437,1810900
2021-06-14,191.096435546875,191.94128311500515,186.88155116087114,189.2002052459056,2099600
2021-06-15,190.55198669433594,192.4012779709347,189.4912217819399,190.36423004434556,2071400
2021-06-16,187.9892120361328,191.91309308816108,185.31385226430356,191.50005146965094,2017600
2021-06-17,186.27137756347656,188.85287384532407,183.32377874551986,187.52928118328063,1781300
2021-06-18,181.2679901123047,184.94779418723422,180.90188755781435,183.63356923801697,4796600
2021-06-21,186.299560546875,186.50606708040627,181.6340913741899,182.44139627370822,2312300
2021-06-22,185.3044891357422,186.53423211138633,183.72743648040785,185.59550620021474,1646000
2021-06-23,186.947265625,187.62314944916457,183.93396337243556,184.07476653421105,1672000
2021-06-24,191.3404998779297,192.5420678712264,188.11128052451218,188.6745217880414,2570300
2021-06-25,191.65968322753906,193.75303816985158,190.03569127916882,191.9413038886688,13139800
2021-06-28,193.54653930664062,194.10039858855316,190.99321750727987,193.23677230039135,1931300
2021-06-29,194.97335815429688,195.20803961917295,192.35431930876038,193.07712790742843,1802300
2021-06-30,193.1147003173828,194.94521302419346,191.15276655274528,194.86073112783782,2167900
2021-07-01,189.4912109375,193.10531138566245,188.93736609366,192.94571537753993,1551600
2021-07-02,190.30787658691406,191.4437411024022,188.6275637147795,190.73969675549654,1197200
2021-07-06,189.37857055664062,191.42498616842857,187.60437915672676,190.30790004184936,2135900
2021-07-07,186.1962890625,191.00256111444492,185.6705905234755,190.56135879300865,2079100
2021-07-08,183.9808807373047,185.0510276114769,180.00067805808928,182.31933200609905,1930500
2021-07-09,188.07373046875,188.9185780073294,182.87318121928368,184.08414559157657,1384600
2021-07-12,191.88494873046875,191.960048515094,188.42104815515756,189.99810066083003,2090400
2021-07-13,191.5000762939453,192.2792204800781,190.45809001174604,191.22785209581215,1708500
2021-07-14,191.07765197753906,195.95902359268877,190.14830821805725,193.9032116641447,1612600
2021-07-15,182.49769592285156,187.34152474621357,180.99572883343367,185.16367389893958,3957600
2021-07-16,178.46119689941406,185.1824783640497,177.9261162145741,183.41766893536996,2342300
2021-07-19,177.06246948242188,177.76651388677737,173.58918661903212,176.06742234941066,2592700
2021-07-20,181.4651336669922,183.07036154357579,176.3303009360951,177.50370851950262,1797100
2021-07-21,186.44972229003906,186.50604354878888,181.17408763778388,181.17408763778388,1890900
2021-07-22,182.40383911132812,184.77881464572678,180.47006592431464,184.77881464572678,1926400
2021-07-23,184.31881713867188,184.87266192469554,181.91566705111305,183.69925467100862,1933400
2021-07-26,186.01791381835938,186.54359799108784,183.73680260420338,183.99026258884726,1535800
2021-07-27,182.34751892089844,184.929015327758,178.96809971329913,184.48781297777083,2024800
2021-07-28,186.4121856689453,187.8390530072619,183.2017449005981,183.2017449005981,1752900
2021-07-29,191.7535400390625,192.279224241479,188.70268092077652,189.40672533268867,1671300
2021-07-30,193.74363708496094,194.00647918991154,189.64140950343457,189.94179434174077,1635500
2021-08-02,196.17495727539062,202.66155743282602,195.78069407061955,197.32020415183996,3383900
2021-08-03,197.6299591064453,198.06177931533423,190.59889708248718,197.22631385197587,2082400
2021-08-04,199.41355895996094,201.20652907256223,196.79451970070116,198.19322660888818,1817900
2021-08-05,199.85475158691406,201.7134393048873,198.17443841735965,200.24902909593004,1777900
2021-08-06,200.6526641845703,201.18774483116312,198.71889109289526,198.71889109289526,1259700
2021-08-09,203.80679321289062,204.7924583330643,199.87352915901693,201.93872340082473,2147300
2021-08-10,203.94757080078125,204.67039370810525,201.0656899209474,203.4312830479408,1564700
2021-08-11,205.03651428222656,205.43077745083468,200.89672952611022,204.33246984032192,1475400
2021-08-12,201.38487243652344,203.9194295804879,200.30534334751923,203.18722450164975,2398900
2021-08-13,202.0701446533203,203.53456918046842,200.43677065291192,201.01877616351064,1421500
2021-08-16,200.11758422851562,201.45058763640316,198.99111599221618,199.92984190976918,1543300
2021-08-17,193.84690856933594,198.7939983338093,192.06333499483665,198.33401746198436,2280900
2021-08-18,191.33111572265625,195.32070071235646,191.12459488316614,193.8468942054335,1536700
2021-08-19,190.58013916015625,190.95562379640373,187.37908035420094,188.449227323709,2372200
2021-08-20,192.43882751464844,192.6547304811899,189.9512093763049,190.2797548777685,1325100
2021-08-23,197.72381591796875,198.36214257388153,193.6966742944637,193.6966742944637,1739100
2021-08-24,201.37548828125,201.88239397534778,198.8503132657399,199.27273706479153,1688100
2021-08-25,204.44509887695312,205.6560632584625,202.09828422546047,202.76478588896515,1909100
2021-08-26,208.62245178222656,209.69259874866017,202.41747293265587,203.92882222351412,2331200
2021-08-27,212.63079833984375,212.9781366628578,208.38776758724106,209.11997264294774,1746200
2021-08-30,213.69158935546875,214.70541516992878,211.72965542299454,213.40996868637058,1150600
2021-08-31,201.94810485839844,208.63182859698298,196.9446941567642,208.63182859698298,5156700
2021-09-01,198.54052734375,202.63337283026667,198.4935881841056,202.24849177453115,2551900
2021-09-02,198.92543029785156,200.16454117071075,197.79896196148263,199.87353840222949,1856200
2021-09-03,199.93922424316406,202.18277845502251,199.29150111389694,200.03308823401076,1813700
2021-09-07,199.8172149658203,200.4086169236212,198.40912597968247,200.3710598626506,1822300
2021-09-08,195.36761474609375,199.70453781179202,194.5509278593294,198.9535542846037,1740900
2021-09-09,197.56427001953125,198.92541978419646,196.19372382810715,196.97286808657014,2448000
2021-09-10,199.12254333496094,203.23416756728915,199.00990080492056,199.89230548709338,1835500
2021-09-13,201.61016845703125,203.0088609009285,198.70949449815544,201.29099076033123,1416500
2021-09-14,199.0435333251953,203.5989193144177,198.73293784673913,203.40126242395706,1405300
2021-09-15,199.8529510498047,200.1917811600021,197.62232786852778,200.16354651427466,1414800
2021-09-16,200.50238037109375,201.14239919630077,196.5117161499168,198.61999402625958,1502900
2021-09-17,197.01992797851562,199.71174047238233,195.68343567197553,199.1846747020809,4877800
2021-09-20,190.85513305664062,192.9445828589574,187.2409550488639,192.85987892786892,2959400
2021-09-21,193.94229125976562,195.55173813973408,191.07164879050623,192.62462636968107,1524200
2021-09-22,200.5494384765625,200.7282674732105,194.93051421230567,195.5893465461658,1734600
2021-09-23,203.6271514892578,205.25541167945542,200.4835553340187,201.5565149913553,1430600
2021-09-24,203.9283447265625,205.198961389632,201.44359506043497,202.36596044671384,1096900
2021-09-27,203.94715881347656,205.31188609461714,200.21062062377686,201.60358255227789,1069800
2021-09-28,194.06460571289062,201.41532145507526,193.8387142009438,200.14470503775792,2201900
2021-09-29,187.06211853027344,191.80572517924128,186.22445729093616,190.97748506173446,1976600
2021-09-30,184.3514862060547,189.64100114521042,184.2009062261543,188.77510522454915,2343100
2021-10-01,181.54676818847656,185.67860604457036,179.7679134932897,184.78447531571962,3381500
2021-10-04,177.83847045898438,182.5350301775289,176.85963574990453,182.31855974059712,2551700
2021-10-05,180.36083984375,182.20557029262017,177.5843086865607,179.47611602458147,2246300
2021-10-06,179.6737518310547,180.65260066906876,177.33019027140665,177.5748953001769,1847300
2021-10-07,182.45030212402344,185.76329174897464,182.13028553085007,182.13028553085007,1514500
2021-10-08,179.11846923828125,183.22207201912673,178.8172948929318,183.07147766571802,1394200
2021-10-11,175.00546264648438,179.91849220790021,174.81722688228382,178.20551372229832,2144000
2021-10-12,172.41717529296875,176.7090137553163,171.61715537159327,176.14429212123153,3021000
2021-10-13,172.33245849609375,175.26897630667622,171.68303297379956,173.57482589231455,2765500
2021-10-14,177.9796142578125,178.77021298531284,175.7772115719666,176.00310307759517,2682300
2021-10-15,178.64788818359375,180.454977497172,177.9796490196427,179.19378199105006,1772500
2021-10-18,180.9537811279297,181.0102647778404,176.14428378876136,177.14196054331194,2028200
2021-10-19,185.36801147460938,185.5374337310094,180.25733891696632,181.4902998016366,2100400
2021-10-20,185.90447998046875,188.0409781478439,183.33501227200202,185.00092821326112,2100400
2021-10-21,189.41513061523438,189.66925679925853,184.47386633831522,184.75622716929,1688600
2021-10-22,188.1727294921875,191.466905340484,188.1256813263854,189.7257067232646,1829500
2021-10-25,188.51156616210938,190.24337244037412,188.03156283473209,188.85981738688187,1390500
2021-10-26,184.6150360107422,189.3304230210683,182.37500601422758,189.25512584349673,2706600
2021-10-27,181.09498596191406,183.70208076986634,179.61730575335906,182.32794674861142,2882400
2021-10-28,188.14447021484375,188.36095493964422,182.72320384156788,182.91143956453195,1930900
2021-10-29,189.0480499267578,189.94218051500744,185.62210755766193,186.11153199938056,1604600
2021-11-01,193.0669708251953,194.43169812904745,190.13043819762044,190.7045666392854,3419000
2021-11-02,194.41285705566406,196.21053944008668,191.2316195755306,193.43402248718263,2991100
2021-11-03,203.0906524658203,204.3612689360533,194.5634450048752,195.28816773626937,3378900
2021-11-04,206.36602783203125,206.52602896193582,202.3565497375921,203.2883362297686,2326300
2021-11-05,211.06256103515625,211.57079901024198,207.0154276725565,207.06249020171404,2835800
2021-11-08,209.96136474609375,214.12143664904193,208.24838635939707,210.5072584837839,3829600
2021-11-09,208.05072021484375,210.24370167768197,205.5000808082697,210.1119352291686,1625200
2021-11-10,201.6223907470703,207.2413148065515,200.25766359921008,205.61305473475136,2262000
2021-11-11,206.2154083251953,210.20605776891733,201.55649111820364,210.13076059959678,4639700
2021-11-12,205.01068115234375,207.57071308709072,201.80120934078303,206.66717578340743,2829000
2021-11-15,202.9965362548828,208.0036908187761,202.5353607923708,208.0036908187761,2003200
2021-11-16,206.36602783203125,207.0342813618391,201.7918280402483,202.54478551621693,1497200
2021-11-17,205.00128173828125,206.3660089603468,202.98712893209955,206.3660089603468,1376500
2021-11-18,207.60841369628906,207.6931176440307,203.63657693885898,205.8954350474536,2494200
2021-11-19,208.2483673095703,208.7660263549804,206.72363917714983,207.60836293449321,2124200
2021-11-22,208.82254028320312,212.3896707175262,206.5354475956218,209.2366676080662,2846000
2021-11-23,206.23423767089844,210.91196875804533,202.89301348990867,208.3895780188627,2070000
2021-11-24,208.03192138671875,208.21075038356173,201.71652337469507,203.86244261387543,1630900
2021-11-26,199.9564971923828,204.76599513248289,197.88587497575077,200.58709492790666,1776500
2021-11-29,210.77078247070312,211.07195679096634,202.45063901771346,204.00360186866678,2412900
2021-11-30,210.22488403320312,214.42261143134044,205.46244941170912,209.60369316219092,5141600
2021-12-01,209.8860626220703,220.87919120581176,209.61312294039655,213.9708372550482,3222500
2021-12-02,209.6319580078125,212.61553873687646,205.3495260634043,207.31663077168508,1934800
2021-12-03,213.76377868652344,215.02498839305858,208.5307471914338,211.76845385035853,2743800
2021-12-06,211.09078979492188,214.8837968834919,204.6436112397175,214.40379356699017,2223600
2021-12-07,224.85105895996094,225.80167332229988,214.5920584036713,215.52384488002664,2934400
2021-12-08,214.6767120361328,216.2861584160122,208.08836090990985,215.54260788934621,3880100
2021-12-09,211.91905212402344,215.1191030746874,211.53315948754974,212.09788111953404,1990800
2021-12-10,213.14263916015625,215.420325202723,209.91433870161958,215.1191364558696,1751500
2021-12-13,208.74720764160156,214.94968097572502,207.11894762858202,214.94968097572502,1966600
2021-12-14,207.58001708984375,209.12750148836173,204.52278549364252,206.56093989111,1687300
2021-12-15,216.44032287597656,216.66677488883508,206.43827956490261,208.85386368884062,2565700
2021-12-16,205.65509033203125,216.37425520657163,205.37201093045738,215.93076750364307,3223800
2021-12-17,206.37222290039062,209.98615376013024,202.35252714838248,204.04155842763944,4657400
2021-12-20,205.3720245361328,207.29695307594648,202.5035219252562,203.33388438541246,1336100
2021-12-21,211.71290588378906,212.02429175587534,206.69302352892004,209.05199431925692,1603700
2021-12-22,213.96807861328125,214.0813190004016,209.20296919690458,210.46737406863184,1057900
2021-12-23,214.5248260498047,216.2610252304572,213.49630376305572,213.96809795766887,920300
2021-12-27,219.64852905273438,219.7145871585347,214.7607475521509,215.7515039550134,1235800
2021-12-28,217.98780822753906,221.19600320535375,215.68545010081732,220.6204136736733,1362100
2021-12-29,217.5159912109375,220.205209378746,216.9309566413033,217.3933201176566,1117000
2021-12-30,215.704345703125,219.4786998578742,215.42126626191512,217.52546467174264,886400
2021-12-31,214.93057250976562,218.44072263878311,214.52483639388208,216.22328405797316,1022900
2022-01-03,218.176513671875,220.2052229975143,215.20421593467947,215.50615673940885,1519300
2022-01-04,219.73342895507812,221.64891228011987,212.74144976274138,219.29938634832888,1965000
2022-01-05,211.90164184570312,221.06387662564967,211.6091173640087,218.67659926128357,1963500
2022-01-06,214.15682983398438,215.85527743743393,211.46759713182865,212.7791844333464,1957800
2022-01-07,208.84442138671875,217.01590035051794,207.47622109230363,215.1381542594413,1760200
2022-01-10,209.31622314453125,209.6087332541344,202.58843303159148,207.63663689105388,1926500
2022-01-11,214.70408630371094,214.90224619185773,208.30655845805143,210.10881565770885,1755300
2022-01-12,216.1006317138672,218.3463624431883,213.11888874442963,216.13836891689044,1263000
2022-01-13,209.34449768066406,219.252174682376,208.1555816237439,218.90305162396604,2911000
2022-01-14,212.5810089111328,212.67537350350787,205.7683144025109,206.37221035887137,1722900
2022-01-18,205.155029296875,208.69348650569844,204.51339596739092,207.58948958430784,2348200
2022-01-19,199.04998779296875,208.01407838974256,198.8895794784728,205.64567647851288,1888300
2022-01-20,188.3496856689453,199.8237243468088,188.1609708639707,196.26639196106973,2885000
2022-01-21,188.67051696777344,196.0116343176204,185.6982189634435,186.1983197146734,3812000
2022-01-24,191.614501953125,191.99193155126733,177.46067605254314,184.78291680182497,3738900
2022-01-25,183.78273010253906,188.60446775410432,182.4805734082088,186.07564317071112,3855600
2022-01-26,185.84918212890625,193.67152382043622,182.62209705199678,189.14229651044022,3470600
2022-01-27,177.3568572998047,189.68011778394268,175.8754168070673,189.53857090484516,3786000
2022-01-28,178.7628173828125,178.83830618168025,169.95913598733696,175.96035871616849,4949100
2022-01-31,193.850830078125,194.28487273941815,179.28182085837224,179.64981980947658,5679900
2022-02-01,196.45510864257812,199.0877284304766,188.72711708161077,197.20055156667084,4066200
2022-02-02,198.4838409423828,199.88034785018726,194.07727010571227,197.80445609036605,2863900
2022-02-03,187.1513214111328,197.02126249520245,186.6417900058749,195.05859687854945,4263600
2022-02-04,186.9437255859375,188.82147164891578,180.02722101991137,185.85860470612567,3205400
2022-02-07,185.81143188476562,190.51994333316702,184.9999452591457,187.20793872954752,2169500
2022-02-08,191.10494995117188,191.8503928206147,185.02823859153023,186.16054174719895,2306000
2022-02-09,197.92709350585938,198.15355990045995,189.18947028591535,193.89798148778826,3113000
2022-02-10,187.82127380371094,197.79499569965034,186.95317420391612,192.83172590147024,2466800
2022-02-11,176.2056884765625,189.6329462704547,174.73367859955056,188.727095145987,3738600
2022-02-14,175.3942413330078,180.85761261054094,173.5919837772791,177.24366679702874,2039900
2022-02-15,185.52835083007812,185.7925544362598,178.53637156917614,179.75359429779766,2809900
2022-02-16,188.39688110351562,189.32159379096797,182.11257831344454,184.4243672310842,1969400
2022-02-17,177.02662658691406,186.311533317138,176.81903597970032,185.3207625823481,2762900
2022-02-18,176.53594970703125,179.41389719696,174.74313751226452,178.12118570067082,2691700
2022-02-22,176.67750549316406,180.8009823873697,173.53535424589822,174.73370120358115,2361700
2022-02-23,174.7053985595703,183.62232107346054,174.59217255112029,179.73472680647407,2612200
2022-02-24,180.62168884277344,180.91419894154023,168.25124440842777,169.0155487046936,3208600
2022-02-25,183.244873046875,183.3581134508694,175.11114526244722,179.74416798058206,2058600
2022-02-28,179.39501953125,181.8577857972705,176.19625547520184,180.63111801455238,2741100
2022-03-01,170.95933532714844,179.27236102739042,169.11934087059709,178.91379283656954,2997800
2022-03-02,177.72488403320312,179.72528686911295,172.32755713818548,172.6955560447541,3191800
2022-03-03,174.28074645996094,179.20627826449575,173.66741985819894,178.7344841406745,2591600
2022-03-04,166.49618530273438,172.89371407935005,164.3353740071591,172.18602271558265,3190700
2022-03-07,160.14584350585938,168.99670836116698,159.985435186484,167.76059531536018,2992500
2022-03-08,166.9207763671875,174.979029084454,159.2211062347707,160.99504257412343,4006600
2022-03-09,173.0069580078125,175.76223471237066,171.92182258914957,172.6766962721286,3108900
2022-03-10,170.31771850585938,171.09146796081245,165.90173138584169,169.12880221924323,1899200
2022-03-11,168.48716735839844,174.81865279541145,168.10973770169613,173.60141551621237,2176900
2022-03-14,162.79396057128906,170.31218819062028,161.3813236484488,169.11761892822605,2515800
2022-03-15,169.1745147705078,169.73387557981846,163.74204876747794,163.88425423883584,2183000
2022-03-16,178.54148864746094,178.63628746635575,168.92799438329487,171.95235590903096,2846100
2022-03-17,179.9161834716797,180.43762757634425,175.5265919176063,177.31845295619877,1488800
2022-03-18,182.42857360839844,182.83625334486263,175.09046855031943,177.77352229868904,3131900
2022-03-21,180.6177520751953,183.1965170759342,176.84441785492064,180.95905963313064,1895300
2022-03-22,178.00106811523438,182.21052311925334,177.77352492409335,180.0868300680299,2796900
2022-03-23,174.05709838867188,178.7500670853873,173.91489291495952,175.44129435420803,1865300
2022-03-24,181.15818786621094,181.44261328326127,174.68283333941565,178.42772700889185,2320500
2022-03-25,180.5703582763672,181.87869184794968,176.72116189288266,181.63219757306612,1768600
2022-03-28,179.5843505859375,180.23852459892706,174.4363106862811,178.59835902903063,2490400
2022-03-29,184.62814331054688,186.15454474339725,180.81687749977857,183.33876064387528,2083000
2022-03-30,177.60287475585938,184.296281310707,176.55998656750845,182.75091457700745,1922300
2022-03-31,175.4697265625,179.4516387560395,175.16633561197517,178.66473475290206,2627100
2022-04-01,172.568603515625,177.4037769985326,169.84761861818336,177.4037769985326,2417300
2022-04-04,173.12796020507812,175.15683993746745,171.29816810292076,172.28417411231982,1844100
2022-04-05,165.97950744628906,171.7722321662822,163.80840746095566,171.03273477792234,4234900
2022-04-06,164.9840087890625,168.04628686294754,160.9641657458765,161.97861289821003,3754800
2022-04-07,163.94113159179688,166.44404907921069,160.6418345553143,163.5524173595811,2016200
2022-04-08,158.8025665283203,161.8553692630784,156.6788732665174,161.66575715156384,5746400
2022-04-11,156.9253692626953,159.42828654387134,156.19534750296359,156.8400315229522,3346900
2022-04-12,157.59849548339844,161.61833849451932,156.5082150733689,161.01157110288557,3138900
2022-04-13,162.14926147460938,162.462127951676,157.02966240700806,158.81203351904148,2922800
2022-04-14,161.17276000976562,163.55242319962503,160.02558282326962,162.36732937602383,2698300
2022-04-18,164.2539825439453,167.55327926824086,160.3668695225489,160.88831363026924,2138300
2022-04-19,169.37359619140625,169.97088808206217,161.39080627524388,161.39080627524388,2979200
2022-04-20,169.50633239746094,175.65934470070007,169.10814261109167,171.28871812676104,2685000
2022-04-21,165.7709197998047,173.70630293313218,165.30635784113554,171.84806956493202,2346200
2022-04-22,161.8837890625,166.2259738374594,161.19169843659392,165.68556420092702,2165400
2022-04-25,163.8652801513672,164.49101312570176,160.2341511515777,161.13483397818493,2781900
2022-04-26,159.03958129882812,162.0829084150121,158.66983262737367,161.1537844988638,3369800
2022-04-27,161.8932647705078,163.45759703591878,157.0675669998391,157.99667635153855,3342000
2022-04-28,168.0462646484375,170.11306084660953,161.4666229732366,163.12575393591513,3097200
2022-04-29,162.0260009765625,168.86162763884116,161.77950670082825,165.41063544618433,2892900
2022-05-02,167.80926513671875,168.39706697289722,161.41923480437237,163.31538469292286,2776200
2022-05-03,168.82371520996094,170.03725000244097,163.04992770429052,164.73749997716044,3271600
2022-05-04,176.26612854003906,176.36094184076347,164.5858503214261,171.27925850457717,3180600
2022-05-05,169.10812377929688,172.94783021048912,166.65261313689214,171.2602579610277,3974000
2022-05-06,168.35914611816406,172.80561980993974,164.70905188765337,167.80926092829768,2457400
2022-05-09,163.9221649169922,167.6101761604091,162.9266977207186,165.84675604728696,3700100
2022-05-10,169.1745147705078,172.35055751814426,163.65671101818597,168.7858005268266,3438500
2022-05-11,161.99758911132812,169.33569565684,161.6942125992681,166.79484684425668,3659800
2022-05-12,164.6427001953125,165.98896489574662,159.94024205217616,161.08741911324066,2557000
2022-05-13,172.54017639160156,173.59254023205455,166.49145319454064,167.71446359299736,2877900
2022-05-16,167.7998046875,171.74378581589414,167.3257671727264,170.7009119632783,1950000
2022-05-17,176.00062561035156,176.21867878891044,171.72481297669435,172.58755014976649,2909600
2022-05-18,166.28285217285156,175.68775322092722,165.38218393259305,173.09951285617078,2654300
2022-05-19,166.66209411621094,170.64402059935333,164.49100878055285,165.97949344080413,1672800
2022-05-20,170.75779724121094,171.17495257639874,164.70907381394213,169.46841459902916,2744200
2022-05-23,171.30767822265625,172.60653637490998,167.5627847750546,171.07065946690327,1891700
2022-05-24,169.8192138671875,171.08015553505578,166.5009508885273,168.8616631869921,2200400
2022-05-25,175.04307556152344,175.95321937545182,167.4584762685699,167.6954949964747,2294100
2022-05-26,182.62770080566406,183.4051148210944,174.35099523525608,175.32751137566765,2883400
2022-05-27,185.7563018798828,187.98428360551156,183.9928965138206,183.9928965138206,3266400
2022-05-31,179.9066925048828,185.3486477806446,178.53198675734956,184.85564476918273,5124600
2022-06-01,174.98622131347656,181.26247360096457,172.4738137167599,181.15818476538044,2552800
2022-06-02,178.18121337890625,178.2096544708801,173.82955270919297,175.1758174397012,2443200
2022-06-03,172.90042114257812,175.5265927612563,171.84805738682445,175.24216738766538,2311000
2022-06-06,170.66297912597656,174.9767233598601,167.93253290584138,174.4363281210796,3169000
2022-06-07,172.3884735107422,173.00471645457912,166.95600798389628,169.0512455661226,2372700
2022-06-08,167.87562561035156,172.17040365085924,166.44402328586594,172.04714928743346,2409900
2022-06-09,174.6543731689453,184.59968487129623,167.22146883191488,167.36367429166984,10137500
2022-06-10,169.2977752685547,173.4692998657259,168.82373772494532,170.3975313752053,3610100
2022-06-13,159.7695770263672,167.7333999425804,159.05852089218837,164.50995125422602,3899400
2022-06-14,160.3555908203125,163.04264268693092,158.38319309087075,160.69861840883019,1892300
2022-06-15,160.97494506835938,164.04313207044322,157.31599401697036,162.66149849805393,2355600
2022-06-16,150.85565185546875,156.98248795739258,148.74031762242217,156.4203083336729,3994000
2022-06-17,150.38876342773438,153.12344638857903,149.16911297234427,151.8561503839636,4907300
2022-06-21,151.58934020996094,154.89574040910952,150.85565406225663,154.4574362870237,2655400
2022-06-22,149.55026245117188,152.18014580792743,148.37825743400742,148.6927006414187,2603900
2022-06-23,146.27244567871094,150.49359165065505,144.18571000892246,150.42688496773323,3186100
2022-06-24,151.80853271484375,152.98053772400274,148.14956648774822,148.63553077741972,14800200
2022-06-27,151.37017822265625,153.75230993676112,150.2172200757031,153.75230993676112,2502600
2022-06-28,146.94894409179688,156.66803869314307,146.55827099658325,152.7422902341761,3227300
2022-06-29,142.94700622558594,146.50114372259316,140.05032506293546,145.6721662936433,3124800
2022-06-30,141.05081176757812,142.5658443691883,138.45905075053597,140.32664880728564,4467500
2022-07-01,139.2022705078125,142.48008666497515,136.58192514883874,139.7549269100672,2531200
2022-07-05,139.03076171875,139.1165149851114,133.71384111363446,135.2383969377882,3164600
2022-07-06,138.87831115722656,140.89835466691142,136.92495979053507,138.95454113449148,2264300
2022-07-07,144.8527069091797,145.69120760322866,140.9936496236259,142.01319470120035,2362000
2022-07-08,147.0061492919922,147.5778668673579,142.97558545774785,143.69022515726402,1721900
2022-07-11,144.79551696777344,147.25386438154086,143.76643420556903,145.00513120621565,2091500
2022-07-12,145.06231689453125,147.5016177595764,143.9665274404158,145.64355768966934,1864700
2022-07-13,147.7017364501953,148.4830828793357,142.21330847295454,142.56585942594666,2439700
2022-07-14,152.28492736816406,152.66606263710608,145.78646489523928,147.45395714077307,2337100
2022-07-15,156.24876403808594,157.30643099727482,152.54216803505042,153.5998349942393,2681700
2022-07-18,154.2859344482422,158.09734591545978,153.21874389002315,158.09734591545978,1985700
2022-07-19,162.39468383789062,162.75677252798747,156.3821854363032,156.3821854363032,2174500
2022-07-20,168.1594696044922,169.11232246983397,160.34607901656568,161.46091512428987,2410400
2022-07-21,171.46585083007812,171.6468951803311,166.7587558810184,169.51249976903304,2215800
2022-07-22,166.88262939453125,171.51349432282262,164.55766636741012,171.51349432282262,2413900
2022-07-25,165.92027282714844,167.082754477136,163.7668160627219,166.54914466354077,3663100
2022-07-26,166.2346954345703,169.49345006097502,165.80590007002368,169.09325365485995,3852600
2022-07-27,172.86656188964844,174.0290435270241,169.05515049874614,169.2171337381338,3222900
2022-07-28,174.48641967773438,175.16295163903416,169.71263184782813,173.7336722785301,2275200
2022-07-29,175.21058654785156,176.53505142654606,172.6092878014138,174.23867257072777,2527600
2022-08-01,175.80136108398438,177.88811127355874,173.50498209202658,174.20057518147235,1928500
2022-08-02,171.96133422851562,175.1343355804205,171.19904913272887,175.0771667426278,2645500
2022-08-03,176.80186462402344,177.40215208502693,172.37108976199448,172.70459410429348,2187800
2022-08-04,175.5726776123047,176.46836170282862,173.88613837568704,176.1158107673857,1627700
2022-08-05,173.09524536132812,174.3339569251187,169.25524969114338,172.73315664007455,2240900
2022-08-08,171.47540283203125,174.05762587656437,168.93127296424544,172.0947513599252,1660200
2022-08-09,162.9759521484375,169.02657382460634,161.3561051409267,168.1118286515306,3130500
2022-08-10,171.4849090576172,171.76122995533626,164.3099290769917,167.13990288250776,2726200
2022-08-11,171.87559509277344,175.98238839124886,171.26576987391783,172.78080235741191,1488600
2022-08-12,178.63133239746094,178.72662350218462,172.77129294148457,173.22865825751958,2086000
2022-08-15,178.7266387939453,180.2130871027748,175.71561991538263,177.23065265019864,1284500
2022-08-16,177.08770751953125,178.7170777466654,176.049086865851,177.9643303944853,1297500
2022-08-17,171.72312927246094,174.50545764691853,169.02655415880102,174.50545764691853,1681000
2022-08-18,174.14337158203125,176.25870595010602,171.40868871295126,172.1138050154361,1610100
2022-08-19,171.82794189453125,174.5340402740174,170.82744357736522,172.40918266626548,1620000
2022-08-22,164.38616943359375,169.77930524172282,163.985973001573,168.72165258955508,2155000
2022-08-23,165.73919677734375,168.47387930465825,164.03358234537967,164.03358234537967,1043700
2022-08-24,164.8530731201172,166.04413923157242,162.32801877958462,166.04413923157242,1237800
2022-08-25,170.57972717285156,170.7512337128757,165.15799194268854,165.17705307137382,1542800
2022-08-26,160.19361877441406,170.23669609872258,159.90777454684127,169.6459174365168,2380500
2022-08-29,158.0592041015625,160.63190337907514,157.69711543768474,158.8024280141911,1242100
2022-08-30,157.90676879882812,160.72720497370508,155.64851229226633,159.66955231266127,1967200
2022-08-31,156.82054138183594,159.24078149488724,155.5341840743459,158.2402975217086,2205500
2022-09-01,156.6489715576172,156.87766143029447,151.41781975710245,154.21920890504342,2188600
2022-09-02,154.7337646484375,160.27937488886252,153.73326630678167,158.9930178011079,1696500
2022-09-06,153.17111206054688,155.4674911647166,151.51314268960192,154.22877941902547,2031900
2022-09-07,155.61993408203125,157.53516307193755,152.79948325520795,152.9424053666261,1689300
2022-09-08,157.6494903564453,159.02160069302482,153.1234396280952,154.33356673596458,1498600
2022-09-09,160.212646484375,160.90822485868134,157.84957594660122,158.71667536105497,2098000
2022-09-12,161.09886169433594,161.88971687988737,159.1264490298526,161.55622705764608,1280200
2022-09-13,148.1304931640625,155.69613169669293,147.6921745069088,154.40978922300206,3863200
2022-09-14,152.76272583007812,153.70162091634953,147.6850028536577,148.13529240519264,2807100
2022-09-15,152.98306274414062,155.19619433226,150.25259964157587,152.38907003206467,2340300
2022-09-16,153.23216247558594,153.94111772188612,150.27175973912804,151.91003462018782,2506500
2022-09-19,156.25965881347656,156.52791455893222,151.19151105494592,151.63222527610404,1582200
2022-09-20,154.15188598632812,155.73269414561088,152.82018284423847,153.6249645520729,1358000
2022-09-21,152.49447631835938,159.71826012008682,152.4561603335932,155.06208586295182,1528500
2022-09-22,148.62388610839844,153.19382281691475,147.69456652860669,152.25492789773705,2090000
2022-09-23,146.52577209472656,146.93773108392602,142.1953346334905,146.32457296171194,2680300
2022-09-26,145.5772705078125,148.46104158173233,144.89705583068192,146.63114276386978,2167900
2022-09-27,147.07183837890625,149.9364440748115,144.4275970880373,147.93410146118404,1741500
2022-09-28,149.8789520263672,150.51127531751243,145.88384242677816,146.53531639789287,2103800
2022-09-29,144.67669677734375,148.5376790474875,140.78697386450148,147.50298667265795,2841100
2022-09-30,141.323486328125,146.38204414173742,141.2468397407864,143.46954691708004,2112800
2022-10-03,145.58685302734375,147.44547777301406,141.60131857755184,143.2491835016227,2415500
2022-10-04,153.1842498779297,153.25132111119848,148.9687907055403,149.91726097896645,2392200
2022-10-05,154.47764587402344,155.54109337690204,148.62389693814927,150.25259650159978,1904500
2022-10-06,152.32200622558594,156.92068378531945,152.207029053405,154.49679249343976,1559800
2022-10-07,145.3856658935547,148.3748096675049,144.05396252053544,148.3748096675049,2752800
2022-10-10,141.31390380859375,145.58685946790976,139.95345984483296,145.3760850181456,1812000
2022-10-11,137.72117614746094,139.66603750024476,135.62302162922595,138.91875159222147,3004200
2022-10-12,134.39669799804688,137.75948439535938,134.2529948002797,136.57149897691053,2066900
2022-10-13,137.16549682617188,139.14868874271593,126.5406111871278,128.5621190848989,3307200
2022-10-14,132.29855346679688,139.43610032553372,131.33091775235417,138.82294227125337,2893000
2022-10-17,135.3451690673828,137.16547760684253,133.64939841359148,135.86251514508194,1972100
2022-10-18,135.03858947753906,140.33666149695867,131.95363429928975,137.42416476571498,2218500
2022-10-19,135.39309692382812,137.94152636793902,133.96558172642108,134.48292788788754,2160400
2022-10-20,133.20870971679688,137.7116052287623,132.75843478444168,136.12122147852946,2895700
2022-10-21,139.15826416015625,139.48400116670817,131.74287187775496,132.89255597896988,2496400
2022-10-24,138.8612518310547,139.6564435748172,134.55955614313632,137.97024821692509,1921700
2022-10-25,142.50193786621094,142.54982920078555,138.73675213390575,139.34033498552859,2831900
2022-10-26,141.10313415527344,146.23833846993492,138.09482509228258,140.53788202934658,2023300
2022-10-27,139.03372192382812,145.49105434549014,138.78463148018554,143.06716267939453,2197900
2022-10-28,145.2994384765625,145.80720930054764,138.91875293660752,139.8384973193744,2552000
2022-10-31,139.95346069335938,144.2647323611164,139.43609990667753,143.4887057999347,3307200
2022-11-01,145.48147583007812,147.39759660693082,141.60132833318312,144.16892315712187,4306600
2022-11-02,142.37733459472656,151.85254989960782,142.18572546814792,145.5772523269918,2976800
2022-11-03,138.77505493164062,140.2504615168824,136.77269758324178,140.2504615168824,2373300
2022-11-04,144.72459411621094,145.4718800196222,140.76780019311315,143.61324060181028,2385700
2022-11-07,151.2777099609375,151.58429626270947,144.96409632457082,146.2957995078589,2451100
2022-11-08,156.2692108154297,158.17575601052167,153.06929303052675,154.64051128446062,2659200
2022-11-09,148.23109436035156,154.27645266013124,148.14487243979377,153.2321704164682,2780100
2022-11-10,158.53024291992188,158.85597992143306,154.88961076637455,157.10272777493643,4487700
2022-11-11,162.81277465820312,163.82831626798435,156.6811797809626,159.5362100871043,2515200
2022-11-14,161.9217529296875,165.41868151285112,160.99243334442573,160.99243334442573,1823400
2022-11-15,167.47850036621094,169.25091757467914,164.680966350783,167.87130855472267,2335600
2022-11-16,159.88111877441406,165.61031567764135,158.53982548887802,164.34566897575087,2204400
2022-11-17,162.95648193359375,163.25347830400986,155.74228864499574,155.74228864499574,1460500
2022-11-18,164.72889709472656,165.5815702120352,162.12297180206278,165.57199487142387,1533700
2022-11-21,161.7684783935547,164.09655777442023,161.0690838883719,163.29179067625725,1271200
2022-11-22,166.13722229003906,166.15637296841766,160.95411311513175,162.63071846008103,1695500
2022-11-23,167.8521728515625,171.52154579999873,166.01269870691567,166.78872526275282,1586500
2022-11-25,165.4474334716797,168.15874584094678,165.4474334716797,167.63180975878535,735400
2022-11-28,157.21771240234375,163.69419523407953,156.5279077671481,161.96010830518307,2758000
2022-11-29,157.78294372558594,159.28709070498405,155.96262049296428,157.77335376710087,1347300
2022-11-30,168.46533203125,169.250948552062,155.79019742348376,158.14703236707865,3654000
2022-12-01,166.1659698486328,170.60179342408713,165.8689735141693,170.10359800755919,2083000
2022-12-02,163.8857879638672,164.01991581733648,160.30265189882797,162.07505463261208,1620000
2022-12-05,161.30857849121094,163.1576421333736,159.5553267090375,162.68818740956627,1208100
2022-12-06,156.24044799804688,160.82954959560718,154.38180900393755,159.6703050230503,1904000
2022-12-07,157.07398986816406,157.41889217542513,153.28965444775326,154.6788390174179,1427200
2022-12-08,164.2786102294922,164.66182852392816,156.67160867232707,157.7446315918205,2520300
2022-12-09,162.6020050048828,165.6198892827379,161.33735831624656,162.59242966409286,1962000
2022-12-12,165.81150817871094,166.01269266127653,162.00800750257736,162.7648687302963,2048400
2022-12-13,166.99949645996094,173.00653891861742,164.10615012371093,173.00653891861742,3081300
2022-12-14,165.1751251220703,168.82385501963222,162.7009089815984,166.77324122928408,1968700
2022-12-15,159.00404357910156,163.32667973232472,158.4552819696873,161.9884893797818,2570300
2022-12-16,157.6177215576172,159.26397708548683,155.63450558413268,158.22424448370253,3696400
2022-12-19,154.2963104248047,158.20498096155572,152.62115961331725,158.16646364264173,1418200
2022-12-20,153.56463623046875,155.2109064831796,151.20595713148322,152.10130121700772,1101400
2022-12-21,157.33853149414062,157.73325325265827,154.04600555808432,154.87395170738884,1737500
2022-12-22,151.63916015625,155.0087054489701,148.2214902542467,153.90157501452558,2759100
2022-12-23,151.793212890625,151.93763080085776,148.45254795663718,150.38763924736472,1212300
2022-12-27,148.0482177734375,149.7618713630178,147.5283514432503,149.75224937747788,1374900
2022-12-28,146.04574584960938,149.0783460194826,145.27556097995642,147.20101580906152,1433300
2022-12-29,152.22645568847656,153.74756678226646,147.7690377014778,149.0687109107535,2016600
2022-12-30,152.13978576660156,152.28418897772417,148.32739409244502,149.73296764754497,1021000
2023-01-03,149.27088928222656,154.46961146978916,147.40319573860418,153.82458586174357,1900300
2023-01-04,152.07240295410156,154.38294247930352,150.28172968055182,152.38046803543753,1678400
2023-01-05,147.78826904296875,151.3984965769581,147.39356199702652,150.281744024218,1692400
2023-01-06,153.68016052246094,154.2000267904277,148.15410064269807,150.04105257653617,2063200
2023-01-09,154.97021484375,158.32050173858974,154.074870814839,156.24100724246046,1834400
2023-01-10,159.880126953125,160.05341081285505,155.94256120086808,157.45405008653648,2219700
2023-01-11,162.4409637451172,162.58538164572897,159.07141839156915,160.4481259891315,2019200
2023-01-12,163.86582946777344,165.46394571175105,161.15093127694544,163.75029219600071,1705000
2023-01-13,165.41580200195312,165.54094655435205,161.94997804990732,162.33506307122266,2006400
2023-01-17,163.98133850097656,164.41456283668285,161.5360029962348,164.34717956626525,1991000
2023-01-18,164.31829833984375,168.7661087210813,164.18351709738525,165.9934492304453,1565800
2023-01-19,158.85003662109375,162.9512504599819,158.71525535944173,162.50840403886343,2163200
2023-01-20,162.21957397460938,162.39285786294045,158.13760433216973,160.34225840074802,2322300
2023-01-23,166.5806884765625,169.19930767091245,162.22915736094396,162.9223221294514,3386200
2023-01-24,166.7154998779297,167.76486920436037,163.1726701442743,164.5782439031502,1627000
2023-01-25,167.61082458496094,167.88038704696814,162.68165094385984,164.4723242643662,1328500
2023-01-26,173.3101806640625,173.4834645348408,168.21734478540512,170.03689887884454,2996400
2023-01-27,174.7735137939453,176.1213408759105,170.4893800945968,170.874479842324,2078900
2023-01-30,172.79031372070312,175.9288145204804,172.17416875774978,172.65553246912128,3948800
2023-01-31,177.4402618408203,178.24894922682748,171.36545508132338,175.5918272342101,4265200
2023-02-01,186.7113494873047,188.98338668026454,176.95891647620198,177.2092349953759,4468400
2023-02-02,188.84861755371094,190.3408480189627,185.64273342592898,188.18433327182078,2815900
2023-02-03,183.83277893066406,188.16505187336654,183.64985838934146,185.02656609662785,2654700
2023-02-06,180.38623046875,183.20702942447448,179.1539405567096,180.9061114976119,2059900
2023-02-07,186.0374298095703,187.29860022940977,180.99273344015958,181.2237932819065,2270100
2023-02-08,180.9446258544922,184.98807830849233,180.33811753492822,184.0349875105823,1935600
2023-02-09,182.7738037109375,186.82687785946092,181.97473820199994,184.06385490799386,2010600
2023-02-10,179.51976013183594,181.1660155822222,178.28747036766927,180.88683112989418,1459700
2023-02-13,181.35858154296875,182.196149630413,178.5474194647141,180.0107544489759,1677700
2023-02-14,182.71603393554688,183.3514375700354,178.53780038158578,179.84711028444627,1864700
2023-02-15,186.08555603027344,186.33587453350813,181.1563968841829,181.1563968841829,1482400
2023-02-16,184.10235595703125,186.58619440331438,183.30329045496674,183.30329045496674,2173300
2023-02-17,181.4355926513672,184.57407834762424,179.65454127790724,183.6017290671712,2206500
2023-02-21,174.6483612060547,180.2129237670996,174.3402814220267,178.5666536375619,2073800
2023-02-22,171.0670166015625,175.2067469371754,170.142791928242,174.15736301380818,2205800
2023-02-23,174.24403381347656,175.0430993017695,170.50864687785503,174.523218290083,2013400
2023-02-24,170.2679443359375,171.42321411362312,168.83347542552946,171.13439299668866,1791500
2023-02-27,171.11517333984375,173.84931562983803,170.816715506241,173.49311119270658,1165800
2023-02-28,171.82757568359375,173.98409026574265,169.96951892370436,170.94186827218985,1227700
2023-03-01,172.20303344726562,173.89744295590833,170.93224100583691,172.58813319470866,900300
2023-03-02,173.89744567871094,174.4750732738397,167.6782205431215,169.6132972253913,1171500
2023-03-03,176.14059448242188,176.35238097502915,172.12600868657898,174.61948357515936,1285900
2023-03-06,173.23316955566406,177.78686601419977,172.20304419328085,177.15146240880756,1088700
2023-03-07,170.78782653808594,174.07073033727323,169.5940540220568,173.68564527211294,1330900
2023-03-08,175.7073516845703,175.84213291701215,171.73129798251,171.73129798251,2072400
2023-03-09,173.1272735595703,178.40301570363283,172.01050622767212,176.09247577354762,1961500
2023-03-10,168.52542114257812,175.18749246732162,168.0055401607615,175.13935316307146,2263000
2023-03-13,168.40988159179688,171.192177625182,164.99221138715527,166.57108359081,2225200
2023-03-14,173.15863037109375,173.58468771815947,170.0308803679183,171.66737794140917,2104700
2023-03-15,169.07225036621094,171.56087766710516,166.11880900562602,170.7571533115556,2497500
2023-03-16,173.8074188232422,174.45620509989712,166.7094821179376,167.62940251690497,1886800
2023-03-17,171.67706298828125,174.4949370980162,170.62157549861206,173.85582888794607,2933400
2023-03-20,174.83387756347656,175.4051949035937,170.97988656945674,171.93853419338473,1127800
2023-03-21,174.7467041015625,178.00032823208323,172.36458036598262,176.47034872316624,1531800
2023-03-22,171.0282745361328,177.45805411901105,170.89270747289177,174.43683683780975,1858200
2023-03-23,176.27667236328125,178.65879614654372,172.45173090227598,172.98432105460105,2225300
2023-03-24,170.96051025390625,176.04429764172002,169.16907450220506,175.70537257225132,2280600
2023-03-27,168.6848907470703,173.22640948008825,167.978006408936,171.3187777550163,2162800
2023-03-28,167.72625732421875,168.42344886071763,164.5307308559115,168.42344886071763,2318000
2023-03-29,173.3329315185547,174.02045970354047,169.08191775558024,171.29941076922944,2398600
2023-03-30,175.86997985839844,178.31020181939354,174.87259042199727,175.65694378696304,2075900
2023-03-31,180.57614135742188,180.90538837346588,174.6499019284879,174.98882703076396,2081200
2023-04-03,176.2185821533203,180.11131470511117,174.63050448565815,179.65619353428406,1623900
2023-04-04,170.5441131591797,176.731807965043,170.1567828943814,176.7221298799189,1644200
2023-04-05,167.54226684570312,169.44989869205105,165.90576914014247,168.88825946450524,2191000
2023-04-06,164.71470642089844,167.30017349180804,164.59849552650016,166.65138720291628,1930700
2023-04-10,166.9515838623047,167.05810190495845,162.72961882502432,163.47524512360056,1746500
2023-04-11,166.43833923339844,169.45955630908475,166.2156103208877,168.89791714937627,1589000
2023-04-12,164.83090209960938,168.81078168706057,164.4048299645905,167.82307035367148,1726800
2023-04-13,166.4770965576172,167.6294241137582,164.14339241246634,164.97616583134698,1648300
2023-04-14,166.8934783935547,169.23686045226341,165.1020426945064,166.69012040270994,1492400
2023-04-17,168.98507690429688,169.198112973117,165.44096229039326,165.44096229039326,1218400
2023-04-18,170.2148895263672,171.8610653981939,169.0238348652289,170.83462684666793,1369300
2023-04-19,167.3195343017578,169.05287192413118,166.9903021058519,168.02643344530557,1196100
2023-04-20,164.24990844726562,166.95158667661534,158.07190619631422,161.18027088084816,2490700
2023-04-21,164.44358825683594,164.7437714430767,160.29907738734366,163.6495419667897,1827400
2023-04-24,164.5113525390625,165.33444780222214,163.12663283773287,164.443576393367,1066300
2023-04-25,159.29202270507812,163.43651913504448,157.17135450677623,163.43651913504448,2611500
2023-04-26,160.11508178710938,161.751564556844,158.28491912801823,159.8148838688872,1924500
2023-04-27,156.08680725097656,156.73559361161136,150.39296039399187,154.93447969413887,4130700
2023-04-28,158.55606079101562,158.63352979530626,154.47934124746843,155.90280280294274,2969600
2023-05-01,160.75418090820312,161.18025303883596,158.54636602737992,159.03053621660783,4321900
2023-05-02,166.08006286621094,171.28006105523102,163.41712666709702,167.85212763725102,5403200
2023-05-03,162.25511169433594,167.05808648001982,161.65474538701355,166.7966304402465,2363400
2023-05-04,158.6044464111328,162.05175018585822,157.59737903107478,161.6934542382809,2363600
2023-05-05,161.53854370117188,162.13890998779874,157.161641197641,159.5243940072966,2405200
2023-05-08,162.72959899902344,163.0201040595678,160.23127911946372,161.6450477580379,1306500
2023-05-09,159.86329650878906,160.57987364971825,158.10092484694746,160.1634796375417,1963000
2023-05-10,159.96983337402344,162.87485461486781,159.51471219756831,162.24543925629905,1490300
2023-05-11,158.1784210205078,160.8994553656683,156.12552918525094,158.71099645620887,1471000
2023-05-12,159.3404083251953,160.01824361836282,157.23911152852548,159.12737226509964,1020200
2023-05-15,162.61338806152344,162.84579506503076,158.84654468691988,159.34040772241028,1448200
2023-05-16,160.63800048828125,163.30093678925238,160.5314824452143,161.91621700508483,1279000
2023-05-17,165.82830810546875,166.29310740120982,162.13893322063623,162.48753638636785,2081100
2023-05-18,170.07931518554688,170.3020293507221,166.6901236277126,167.4067008763362,2910600
2023-05-19,169.4208526611328,171.39626068980783,168.60743544866403,171.1154484589134,1988000
2023-05-22,171.75454711914062,172.43239727929364,168.04580128801143,168.68490955436545,1485400
2023-05-23,169.51766967773438,171.7545336589703,168.72363822552128,170.7377880498282,1832900
2023-05-24,161.24803161621094,166.2349782732916,160.15380234408045,165.8863751727005,3235200
2023-05-25,165.9154510498047,166.43836317316422,158.0912583514521,159.78585415828618,2833300
2023-05-26,175.4438934326172,176.79957875644885,167.87147975542783,168.45248986217007,3605700
2023-05-30,176.30575561523438,180.67296579462618,174.7273559285192,179.14298608631813,2217300
2023-05-31,173.42977905273438,176.3057513472031,172.25808061673865,174.96943680917045,5289800
2023-06-01,175.26963806152344,177.16759202471493,171.26070880959742,174.47559172492888,2388900
2023-06-02,175.85061645507812,178.1649493398324,173.0133714980556,177.4386940650053,1547500
2023-06-05,170.97018432617188,176.22828055580038,169.759758786056,176.07334254049698,1894500
2023-06-06,175.52139282226562,176.1120811153037,169.13035442003883,169.90502977125814,1688100
2023-06-07,180.54708862304688,183.90723143973077,176.4219632899909,176.72214648977874,2225600
2023-06-08,181.52511596679688,182.84205963300406,180.33404651765056,181.31207987552045,1622000
2023-06-09,179.14297485351562,184.1589710570771,178.43609049534425,183.11317642271217,2013000
2023-06-12,183.3552703857422,183.71355162454094,179.25917963775012,181.0796644146355,2831400
2023-06-13,191.2449493408203,192.57871356158714,184.98498942214354,185.16996705821444,3564400
2023-06-14,190.51478576660156,194.2727048230964,188.9668384626834,190.75817426804488,3289500
2023-06-15,190.5731964111328,191.84854978038948,187.34098998515714,187.81803679532973,2454600
2023-06-16,192.61767578125,193.9124896021606,190.32008761655513,192.95841078744797,4520100
2023-06-20,190.23245239257812,192.67608252645172,188.15879240073912,190.14483609473754,2022100
2023-06-21,188.16851806640625,190.64135357340416,187.64280543675414,189.103136453322,2077200
2023-06-22,189.5022735595703,190.40768647277716,185.47176073411995,186.3382231697402,1473300
2023-06-23,183.6999053955078,186.85421082682964,183.51492775991696,185.46203574675957,1886400
2023-06-26,187.11708068847656,190.0961536290038,184.51769322359974,184.96553461154267,1438500
2023-06-27,195.02232360839844,195.19755617918472,185.71513588273854,186.9223480618627,2192500
2023-06-28,192.33534240722656,194.53558414384756,191.20601610482433,191.69279314669532,1511500
2023-06-29,194.47715759277344,195.18786276666515,189.96961230580507,192.3158663476435,1613300
2023-06-30,199.26702880859375,200.53265200009065,195.63567648940148,197.53410384901915,2521500
2023-07-03,201.65223693847656,203.11256788173534,198.2155926404279,200.1042748486288,1089200
2023-07-05,198.28375244140625,201.22388984463788,197.24205732811845,199.5785811161564,2368400
2023-07-06,198.96524047851562,199.22810423681642,194.74001938111755,195.17811574144804,2721300
2023-07-07,198.66342163085938,202.1682218806537,198.14743921286947,198.14743921286947,1847800
2023-07-10,204.85525512695312,205.48807421495388,200.41585073871627,200.69817489579637,3146400
2023-07-11,205.3712158203125,205.896943305633,202.3726676813064,205.22518866064308,1588300
2023-07-12,206.25717163085938,209.11942305352196,205.03049881625682,208.58396532900062,2568100
2023-07-13,210.79393005371094,211.09572943664833,206.77314701652995,206.89971379850607,2061300
2023-07-14,206.91917419433594,210.94968742446412,205.77038752951603,209.99560860136296,1971000
2023-07-17,213.81190490722656,215.39880253381224,206.35449324847818,206.91914144351412,2474900
2023-07-18,217.74508666992188,218.4655071075532,212.6047228454092,213.0720245962045,2130700
2023-07-19,214.4544677734375,218.387634139438,214.36685148121467,217.17069167438297,2207400
2023-07-20,206.3447723388672,212.8286457015527,204.83576063117832,211.04704005566583,3362000
2023-07-21,207.65908813476562,210.60895580732054,207.5227911578417,208.4866001892122,5323900
2023-07-24,205.3031005859375,208.88577266948224,204.5631899365371,207.33782516127428,4983500
2023-07-25,214.0747833251953,216.28475501159855,210.75496069965325,213.20832088021194,3839200
2023-07-26,212.70205688476562,214.7367958733235,209.9955781679178,212.21527992338648,2204200
2023-07-27,215.9245147705078,219.60456221045894,213.3251276181583,217.32643477520276,3403400
2023-07-28,217.40432739257812,219.47800203300372,214.79520997076463,219.35143526745537,1994200
2023-07-31,217.0830841064453,219.24437534756265,216.18741613750802,217.49197503648693,1494900
2023-08-01,217.56982421875,218.3876207952907,215.1554146750799,215.55457534448914,1308700
2023-08-02,210.67709350585938,214.52264394283435,210.22926695536628,214.2597801860847,3372000
2023-08-03,210.23899841308594,211.98166851706114,206.17927972444159,207.39622231175426,2484300
2023-08-04,208.04849243164062,209.93718961934357,203.88168238784993,204.8260309817014,2888600
2023-08-07,212.94546508789062,213.13044272718747,208.3502889584582,210.2876667920734,1524200
2023-08-08,211.15414428710938,211.74801287144183,207.62013821515913,209.31412766602296,1862400
2023-08-09,208.70077514648438,212.89679068898718,208.4671316838614,211.63118231909738,2069400
2023-08-10,206.3739776611328,212.8286455880885,205.39069344567537,211.9427078617896,1750600
2023-08-11,198.79971313476562,203.68695811133378,197.54383507863628,203.68695811133378,2703800
2023-08-14,201.76907348632812,201.86643483180137,197.2031026913889,197.72883018853528,1757300
2023-08-15,196.40480041503906,200.04588307358748,195.53833790024882,199.64673720100873,1944000
2023-08-16,191.5370330810547,197.59254058491825,190.61214483034314,197.06681306817106,2400400
2023-08-17,189.3854522705078,193.00707422110992,188.48978440227623,192.5787080982047,1970200
2023-08-18,191.37152099609375,192.5592432346156,187.3117876567984,187.4578296730693,1989300
2023-08-21,196.28794860839844,197.19336153413647,191.37151289574433,191.37151289574433,1946300
2023-08-22,194.3798065185547,198.88735169932934,193.30889111412324,198.3616390450441,1428500
2023-08-23,195.78172302246094,196.93050965700445,188.38270639010145,188.38270639010145,2256800
2023-08-24,188.6942596435547,197.91380314986094,188.11985144414547,197.89434276397049,2888100
2023-08-25,191.0113067626953,191.68306145205563,187.98355299176768,189.65806719110583,2358800
2023-08-28,193.96116638183594,195.4993835409424,192.28665225193555,192.28665225193555,1456600
2023-08-29,199.73434448242188,200.51319066235249,192.03352868936406,192.03352868936406,1683400
2023-08-30,200.435302734375,200.83444858529853,197.01811867915745,199.52988978756127,1962200
2023-08-31,200.27952575683594,202.30451981587282,198.01114320303867,199.84142943731823,3461000
2023-09-01,204.40740966796875,204.60211750195828,199.89011958523628,201.93457412500962,1583400
2023-09-05,202.0806121826172,205.0012742010027,201.84695387325445,203.34622050638006,1443500
2023-09-06,202.29476928710938,204.3879191984831,200.04586203330325,201.66196515998152,1582900
2023-09-07,198.61476135253906,199.84144899353643,196.7650145534484,198.40057826776987,1847200
2023-09-08,197.68014526367188,200.06534962390336,196.57029428332612,198.61474879698653,1220100
2023-09-11,198.1182403564453,199.67593270921233,195.4312366459402,199.4422743997207,1101800
2023-09-12,195.1966552734375,199.80506407976486,195.0205451567146,196.4979681001514,1301700
2023-09-13,196.07723999023438,199.86377180842902,194.85420327639895,194.85420327639895,1897600
2023-09-14,198.31785583496094,199.0321051107538,194.62917284715928,198.17108246838583,1293900
2023-09-15,193.1223907470703,198.0243164378934,192.10481585790185,197.4763983881783,4381800
2023-09-18,194.99118041992188,195.4803950995068,192.28094184436728,192.6136042433697,1483800
2023-09-19,194.8444366455078,195.27494798467228,192.13418293642118,194.423719155646,1307800
2023-09-20,190.75457763671875,197.10457406363503,190.53932200228303,196.06744142297885,1131700
2023-09-21,189.81529235839844,191.97762777338156,188.87599362098234,189.36520829200913,1711800
2023-09-22,192.54510498046875,194.6683098054449,190.31428725958622,191.32206829447406,1523200
2023-09-25,193.84642028808594,193.99319365007293,190.50019366391444,191.35143736042673,1045400
2023-09-26,190.78395080566406,193.26915486995787,189.87400371586742,192.75058849123144,1538600
2023-09-27,192.45704650878906,193.99318772538408,189.94249089039843,192.77992997972265,1156400
2023-09-28,196.2044219970703,198.37653618942232,191.88954529634563,192.83862289073576,1198200
2023-09-29,195.60760498046875,199.01253513173322,194.4726232868313,198.3961347583517,1170500
2023-10-02,195.87176513671875,198.0830099933784,193.25936068152527,196.4490348440842,1227700
2023-10-03,190.9894256591797,197.13396141097218,189.90336837246468,193.63118218832065,2468300
2023-10-04,193.9149169921875,194.56068395205378,190.38278641004558,191.5471197356583,1610000
2023-10-05,191.23402404785156,194.8053003306508,188.69011655494788,194.11060888468586,1415800
2023-10-06,194.72702026367188,196.45882952471436,187.9954213215098,190.01098346463104,1837400
2023-10-09,193.84642028808594,194.60959399554713,190.30451077757903,192.52554960808646,860100
2023-10-10,197.3981170654297,199.59958305500697,193.94426272948684,194.5704569026696,1216700
2023-10-11,199.07125854492188,200.48018438426533,197.25137920658224,197.486192714982,1646200
2023-10-12,197.99496459960938,201.6934263619937,196.17508540465462,199.93225053951375,2120800
2023-10-13,190.3045196533203,198.14173382838018,189.05213120678596,198.004754308592,2439100
2023-10-16,195.47061157226562,195.93047455460572,190.80349945875366,191.54711530916586,1963800
2023-10-17,193.45506286621094,195.92070914348298,190.26538838527932,193.06369707664618,1274900
2023-10-18,189.0325469970703,191.40034422703886,186.4886396507395,190.30450813505922,1908700
2023-10-19,183.87620544433594,189.86420272562117,183.0641222887683,189.62937432627706,3027800
2023-10-20,181.75302124023438,184.46327457925247,180.42235679616937,183.57290033388733,2155000
2023-10-23,178.41659545898438,182.05635378465368,177.26204107865104,179.94294283497857,1700500
2023-10-24,179.64939880371094,180.4517030414353,176.97829107777676,178.97428021888624,2337300
2023-10-25,172.14486694335938,177.48708298009794,171.43061767859493,176.8217581701031,2923600
2023-10-26,175.686767578125,181.2931634418769,173.5733566485605,174.63985596158724,3048600
2023-10-27,175.2660369873047,178.03499356674686,173.7201169749494,177.10547383204437,1448100
2023-10-30,166.50909423828125,169.26827208238635,163.60317289792206,168.68120851949053,4475200
2023-10-31,168.7105712890625,169.13130368703108,164.3076390670082,167.10594769865529,2588800
2023-11-01,168.7986297607422,168.9551671047561,163.8869104145832,167.86912489655896,2889100
2023-11-02,173.75926208496094,174.5126568534957,169.57158572395588,171.225133689472,2472700
2023-11-03,177.63385009765625,179.78639166499482,175.07035506842266,175.9509504343659,3689500
2023-11-06,178.8568878173828,180.4419385838069,176.54779395869676,178.5633560270254,4400000
2023-11-07,181.79217529296875,187.3594406549472,174.3463273800855,174.40503075204393,4285000
2023-11-08,179.39501953125,180.67675953554067,176.22490319976012,176.6064900325615,2521700
2023-11-09,176.44015502929688,180.5691278127733,175.76503643285628,180.43214830984667,2662100
2023-11-10,182.64340209960938,183.78816262954243,176.8315294632978,179.30695448548283,3055900
2023-11-13,180.8528594970703,181.38121965416232,178.03499340128008,181.00941176062688,1845400
2023-11-14,190.68609619140625,191.57647048660334,186.06790844645644,186.8995793691609,2876700
2023-11-15,196.41970825195312,198.27871819879223,192.19288594426024,192.19288594426024,2807500
2023-11-16,196.46861267089844,198.68965143279755,195.30427937814542,196.05767414339385,2333200
2023-11-17,196.6055908203125,197.83840639429988,194.70743554236208,196.59579697209531,1658800
2023-11-20,198.95382690429688,200.36276760277724,196.45882899487518,196.66430573409002,2086600
2023-11-21,196.11639404296875,198.06345902098096,194.21823859191616,197.64274153938067,2312900
2023-11-22,195.27493286132812,200.55844541726142,194.97162214940212,197.5253233683542,1501100
2023-11-24,195.80325317382812,196.44902005020637,194.19862983017768,194.7367688938262,835000
2023-11-27,195.3532257080078,196.69366926424314,193.729029253374,194.75638315201098,1023200
2023-11-28,195.71522521972656,197.52532552176638,194.08124996728313,195.6858735330684,1263500
2023-11-29,199.92247009277344,203.31762111832623,197.8873352611995,199.34520036165333,2149200
2023-11-30,199.67787170410156,201.08681241445467,197.4079083530554,200.75413507532022,2269500
2023-12-01,201.2433319091797,202.08478170708926,198.0634366738866,199.5995778460892,1363000
2023-12-04,201.83041381835938,202.0358905597559,199.02232624037572,199.65829937341422,1638500
2023-12-05,201.39010620117188,201.89889362149134,198.30804492404144,200.15729064810756,1936900
2023-12-06,201.47817993164062,205.80283608111114,200.94983462553742,204.04166017802075,2052500
2023-12-07,207.1334991455078,208.5522187769169,202.35877386828037,203.31763049142168,2487800
2023-12-08,210.90045166015625,212.5442058197094,206.25291219737463,206.86931254238345,2609700
2023-12-11,215.79258728027344,217.11345789082546,211.30160033103292,211.76144837140245,2936800
2023-12-12,215.39352416992188,217.92953327124468,215.02982300127704,215.8653352822177,1847200
2023-12-13,217.55601501464844,219.25651188973117,213.820807342193,215.5704546469012,2001600
2023-12-14,228.7124786376953,229.27276655271757,219.19754315651028,219.99372914218975,3894400
2023-12-15,228.9582061767578,234.207163007494,228.83043306005393,231.16001640157845,3936700
2023-12-18,225.4196014404297,229.87235734328362,223.39472974933472,229.22360767566917,2531800
2023-12-19,225.46876525878906,227.33636168707594,224.72171468858946,226.4812011644591,1722300
2023-12-20,219.09922790527344,226.02901824922156,218.88297802230278,224.66272035150962,2483900
2023-12-21,225.34095764160156,225.95038094995553,222.65751226929564,223.0998361220882,1905500
2023-12-22,225.04608154296875,228.19151409920576,223.88620938103986,226.96282833515963,1033500
2023-12-26,227.99490356445312,229.30222688069153,225.4588946124949,226.07815697245098,1159900
2023-12-27,228.1423797607422,229.91167527056234,226.71709226873458,228.8697521374354,919200
2023-12-28,227.1299285888672,229.39069825439663,226.70725291320252,229.19411154416855,946400
2023-12-29,225.7636260986328,228.00476269393343,223.8468793381178,227.12993904433398,1105200
2024-01-02,217.4085693359375,223.38489876636262,214.84308782738745,223.38489876636262,2668500
2024-01-03,212.39552307128906,214.52851961077096,210.42962598436333,213.86994588648338,1923900
2024-01-04,204.21739196777344,206.94998782545633,200.6394597297466,200.82622236007683,3880700
2024-01-05,202.21218872070312,205.39694760827925,201.17026559660258,204.44348625918224,2245300
2024-01-08,208.5522003173828,209.39753670382277,203.72591914598016,203.765245488757,1923600
2024-01-09,208.10003662109375,209.43684720086654,204.17806664842254,204.58107913906525,2023300
2024-01-10,207.6871795654297,208.88637792145917,203.6472606771738,208.24746740328442,1759400
2024-01-11,207.8837890625,208.86673758802368,203.77505642653685,207.39231479973816,2138900
2024-01-12,205.5443572998047,208.59150358794375,204.03062323964366,207.69701687127412,1247700
2024-01-16,205.42640686035156,208.10985199318978,202.79209715230184,207.09741626545147,1749600
2024-01-17,201.9762725830078,202.48741005070644,198.14277907178118,202.4185964499024,2146700
2024-01-18,208.00173950195312,209.05348663214892,205.3969318910252,207.1170918224014,3148700
2024-01-19,214.63665771484375,215.7080680932662,208.83726695215958,209.7022515244081,2749800
2024-01-22,215.1084442138672,219.19751353691123,213.64386056109015,215.88498192113082,2445200
2024-01-23,220.11166381835938,221.0356378644391,215.70805846963106,216.592721172701,2485100
2024-01-24,217.90988159179688,221.03565099867586,215.90465801123565,218.93214155544752,2798800
2024-01-25,215.66876220703125,220.07236786367702,214.11570157396562,219.18772009735375,2552700
2024-01-26,211.451904296875,215.2165993462397,210.7048687382414,214.40075018423687,2424400
2024-01-29,213.76182556152344,213.8601264174337,209.65309276187355,213.23102493737588,1828000
2024-01-30,211.50103759765625,213.54557238046402,210.57706356134264,211.8745628460225,1708200
2024-01-31,206.97950744628906,211.64851360183377,206.17348234221134,209.25011646110326,3150700
2024-02-01,209.37786865234375,210.39030447547492,205.86875007086115,208.08038434444757,1968600
2024-02-02,211.32412719726562,211.8844001060457,206.28159602521757,206.57648360812547,2135900
2024-02-05,217.2512969970703,219.61036756406534,214.28278811802772,214.63665020293746,4119400
2024-02-06,219.19752502441406,221.57625869794066,215.10845548707383,217.21196476852987,3949300
2024-02-07,217.59530639648438,221.16341427975095,214.88237391415018,221.16341427975095,2789000
2024-02-08,223.94517517089844,224.9477869148983,217.66413438980803,217.66413438980803,2815200
2024-02-09,229.567626953125,229.67575188890677,224.43663454348814,225.950368645829,2621400
2024-02-12,232.6442413330078,237.14614721547548,229.12529893880216,230.0099465800532,2787800
2024-02-13,228.11288452148438,230.2360420587097,224.2105774528109,226.1764746159268,2723700
2024-02-14,229.9706573486328,231.4450802248675,228.46673221615671,229.9706573486328,1824900
2024-02-15,230.49160766601562,234.06953973804093,230.03944473995224,231.405742605403,2078400
2024-02-16,228.20135498046875,232.6541110245286,227.35601856820762,230.50145114920053,1476100
2024-02-20,227.4051513671875,228.2406486293716,223.43403085521476,226.0781648350184,2140300
2024-02-21,231.30746459960938,231.33695185680924,225.75379618215825,226.0978341809632,1641100
2024-02-22,235.4161834716797,238.26672833682173,233.06693697977707,237.35259336233722,3173300
2024-02-23,234.77725219726562,237.2149602462252,233.45026573993403,236.71366191718622,1817800
2024-02-26,239.63302612304688,240.8224004963128,236.05509391561728,236.26151971542888,1596000
2024-02-27,241.5399627685547,248.51890404441409,240.82241446791298,241.68741406229037,2438300
2024-02-28,239.8197784423828,241.67755056640522,237.8735445502175,238.96461801979282,1489200
2024-02-29,245.47174072265625,246.0320286035454,241.47114786588773,243.71226939223473,3374700
2024-03-01,253.11907958984375,254.66228594767026,246.0221751721246,247.58507469690443,2444700
2024-03-04,249.9638214111328,255.0653118306109,249.40353353349147,255.0653118306109,2667600
2024-03-05,244.22340393066406,249.9441567064039,242.58186664937074,247.4179867259899,2319800
2024-03-06,246.9658203125,251.00573940591434,246.07133354274788,247.77184531344705,2527800
2024-03-07,254.6230010986328,259.753993735716,248.8530829041155,249.39370760698912,2942200
2024-03-08,247.73252868652344,258.4270140049207,247.49661562852174,255.48800735850006,2481100
2024-03-11,248.97103881835938,249.97365056791588,245.46192019281915,246.3564069988097,2020500
2024-03-12,253.06993103027344,253.5908925737146,247.43763991048954,251.82159714242266,2104300
2024-03-13,246.70042419433594,250.01297102454336,245.8944141783142,249.36422137842035,2457700
2024-03-14,239.57403564453125,247.06411347420743,237.20514113929605,246.08116496625132,3520100
2024-03-15,233.48959350585938,235.22941665043072,229.0270136588456,230.49161240749214,5827300
2024-03-18,232.5852813720703,237.86372529076314,232.2805697209925,236.07475172835137,2236700
2024-03-19,232.34938049316406,234.08918860853427,229.55779524292657,230.90444494066716,2172300
2024-03-20,238.17771911621094,238.6416964724781,231.5438461321588,232.56064372656002,2102500
2024-03-21,242.95567321777344,246.77606762155224,241.42553614900135,243.48874555144585,2926600
2024-03-22,241.198486328125,244.01194956491727,240.20143666405224,241.21823421091267,2236400
2024-03-25,237.25962829589844,239.41169570090537,235.55180542195467,237.81244852816545,1703500
2024-03-26,235.99603271484375,240.21130954186384,235.72948901130664,239.08592120420005,1443100
2024-03-27,242.2942657470703,242.98529102784138,237.39783006876684,239.1451486855334,1631200
2024-03-28,244.5944061279297,245.12747847267357,241.8599042176445,242.73849673655934,1731400
2024-04-01,243.12350463867188,248.64185573223034,241.7019582606541,245.19659561715144,1478200
2024-04-02,237.6841278076172,240.69503989094827,236.52912515202235,240.69503989094827,1607900
2024-04-03,240.7542724609375,241.17875405741356,234.94962972973647,236.02565593139266,1061600
2024-04-04,236.1046142578125,244.91028697171015,234.91999737967407,244.0613087807871,2501000
2024-04-05,237.92103576660156,238.42450887748592,235.78873133991837,237.1707819001039,1617400
2024-04-08,241.7809295654297,243.05440444486118,238.8193796955985,239.04642763458352,1188100
2024-04-09,248.60235595703125,248.7306945978529,243.21232886439276,244.04157423010534,1708500
2024-04-10,237.99014282226562,245.32490723510458,237.121416730702,243.56772223223905,2028200
2024-04-11,241.198486328125,241.76117295019503,237.4373205393976,239.73745932947853,1736500
2024-04-12,230.6158905029297,237.80258369654888,229.7767786755977,236.54885669226445,2596400
2024-04-15,227.16073608398438,234.4560196290717,225.46277970519196,234.44615321942578,2304200
2024-04-16,227.7234344482422,229.56947744630034,225.05804257389073,228.65138915234877,1652700
2024-04-17,224.01162719726562,228.49344770600837,222.945467451528,228.10844683087154,1970900
2024-04-18,216.5386505126953,220.51699777941448,214.56428402546115,219.15468008299223,3494900
2024-04-19,212.3628692626953,217.5159673565262,210.2897933453749,216.53866551808298,2692600
2024-04-22,215.8574981689453,217.3777537821085,211.58299278769263,215.86736457891928,2230200
2024-04-23,222.71841430664062,223.98200766539333,216.04506093927654,216.2128802846961,3024100
2024-04-24,232.0275421142578,234.64358673833098,229.34241755947662,232.44217233071444,3810700
2024-04-25,235.02859497070312,236.51923628717523,230.75408959962405,233.8242301750078,2052400
2024-04-26,239.58937072753906,241.15898847308665,233.3602468570588,233.91306706455575,2059400
2024-04-29,243.9626007080078,244.7622167281482,239.0266844718613,239.6387332649128,2976300
2024-04-30,252.90647888183594,257.8028993597377,247.29927019662733,254.41686804721323,4800100
2024-05-01,246.2331085205078,254.90057616960763,243.39003103001582,250.10288008004846,3538400
2024-05-02,251.001220703125,252.1167426535465,242.05734240569498,250.19173822913638,2317200
2024-05-03,254.5452117919922,258.75059202955657,253.81467568736724,257.65483306228293,2513200
2024-05-06,256.3023986816406,257.15136183802167,253.38034462107044,255.93714568987468,2213600
2024-05-07,255.33493041992188,258.64200018807276,255.0190245633922,257.23033543265916,1605300
2024-05-08,256.8749694824219,256.95396102074346,252.30432084312753,252.30432084312753,1636500
2024-05-09,257.4573974609375,258.5235723159196,254.7722576290725,257.17113598956024,1777800
2024-05-10,258.37548828125,260.6163834601799,256.8453361358266,259.1356085541562,1072300
2024-05-13,260.5472717285156,263.212678592827,259.6291985230199,260.606500314261,1395200
2024-05-14,264.2294616699219,264.9895818962935,260.55713892274485,261.30740780299374,1618400
2024-05-15,268.51385498046875,268.80014657007996,264.3183259963989,266.69744134136226,2231500
2024-05-16,266.15447998046875,269.8662988976593,266.0952513914875,267.6254036106862,1550100
2024-05-17,264.2887268066406,266.71718940432993,262.35385588234436,266.2630935002129,1344600
2024-05-20,270.063720703125,271.0015266861818,264.10112561942094,264.55522146517944,1271500
2024-05-21,270.90283203125,271.9590951787738,264.7329369166534,265.80896300946614,1156000
2024-05-22,275.25628662109375,276.64821858983765,271.712302442423,273.4497545667742,2185500
2024-05-23,269.224609375,276.29284485617757,266.2235639462091,276.29284485617757,2327100
2024-05-24,273.6175842285156,277.17141969189873,272.0183221182643,274.7626902435981,1319900
2024-05-28,276.04608154296875,278.60288277245405,272.5810583871583,273.0055399920252,1503600
2024-05-29,270.32037353515625,273.6373248895341,269.89589197201707,270.92257097771045,1696200
2024-05-30,267.9511413574219,270.77450110805916,266.76653953753,267.9412900109377,1785300
2024-05-31,268.612548828125,270.3894664984058,260.8335405632553,268.34599008907503,3065100
2024-06-03,266.480224609375,273.96305970622893,261.7121130759684,272.0874177275952,1273300
2024-06-04,262.88690185546875,267.76358978828745,262.2353873859731,264.0419195770073,1783800
2024-06-05,272.1664123535156,272.5415166523667,265.32521008092766,266.59868480719325,1692900
2024-06-06,268.5237121582031,271.6432146886955,268.0399719037089,271.11012732472494,1438300
2024-06-07,268.4052734375,273.44976548080365,267.32921716314723,269.2937323542069,1211300
2024-06-10,273.30169677734375,273.7656741234651,264.6144658475207,264.73295314719576,1354000
2024-06-11,274.3678283691406,274.79230992844595,268.3855003948682,273.2424551506984,1123000
2024-06-12,279.36297607421875,283.19325187424715,276.006559075973,278.3856743048863,1653600
2024-06-13,272.9172668457031,276.8405617230512,269.4794215452749,269.52894610973647,1382700
2024-06-14,266.358642578125,269.8856505593834,263.8025338398773,267.4979797783733,1680300
2024-06-17,268.7463073730469,269.1227908404324,261.7021783403661,265.9623493976275,1702700
2024-06-18,268.885009765625,270.6881516158519,266.863905381472,268.27075996131884,1649900
2024-06-20,262.2272644042969,267.8150143415261,260.8204401473261,267.1115719782619,3003900
2024-06-21,268.5184326171875,269.1921239735478,262.3857913562603,263.9610536019172,4027500
2024-06-24,264.79327392578125,269.25157370370755,264.0898617598914,266.48744961043514,1680600
2024-06-25,267.4187316894531,268.83547297820166,264.208735405251,267.80510193421213,1460700
2024-06-26,265.6849365234375,268.3499810252334,263.35670744792793,266.5072317791564,1693200
2024-06-27,262.5542297363281,267.23049191205587,261.95978373602435,265.7245580133157,1489100
2024-06-28,266.5964050292969,271.29247093124735,263.416159781443,264.9617012234718,2228000
2024-07-01,263.2081298828125,267.2800292450067,260.0972127990345,266.62614163692376,1723900
2024-07-02,269.5190734863281,269.7172019893521,263.04958677267683,263.2081077159631,1421300
2024-07-03,269.7667541503906,272.04542843891977,265.91278745174355,269.85591651109536,1084500
2024-07-05,271.00518798828125,272.94701673781,267.2998249872536,272.9370997299494,1237700
2024-07-08,274.6510925292969,275.2257045523242,271.6194509850215,271.8175795084047,1007000
2024-07-09,272.36248779296875,275.5625671502708,270.648508345627,274.6808000243332,1072400
2024-07-10,279.7533264160156,280.1298098663093,272.53087298502453,274.51233936781006,1233300
2024-07-11,272.0355224609375,282.34905922082396,271.91663930851126,280.8827933611947,2095600
2024-07-12,277.5935363769531,281.2988688518066,273.18476156448014,275.23558653485446,1558800
2024-07-15,280.1496276855469,283.4388693021606,277.4053074923749,279.25797381556293,1431400
2024-07-16,288.0854187011719,288.7690270754474,280.63511540408655,282.7453821042605,1356700
2024-07-17,273.72967529296875,293.3362629072256,273.412633423047,281.9230277030352,4527100
2024-07-18,276.6820373535156,282.9038403584507,273.4918753845497,277.3359248640861,2209000
2024-07-19,266.7945861816406,277.2963654982637,265.6156111033389,276.43440210627256,2403200
2024-07-22,281.17999267578125,282.1112843211196,268.5085063295617,273.3036514849326,4005400
2024-07-23,259.86932373046875,267.13141550598937,252.78558692136556,258.37333705758067,6654300
2024-07-24,252.04254150390625,260.146732513935,251.8543148784784,258.35350768795695,4060900
2024-07-25,245.2163848876953,253.0927264354602,243.1457559927805,248.0399807388627,4244300
2024-07-26,251.26976013183594,253.8555896169135,248.25793772620884,249.25857285889967,2111100
2024-07-29,253.43946838378906,259.8098758776885,251.95336851981247,254.86612667198895,2421500
2024-07-30,249.3477325439453,256.0649026467203,248.03997253890236,256.0649026467203,2478000
2024-07-31,260.72137451171875,262.0885912805015,252.82522903290266,256.4413994706895,3232300
2024-08-01,241.3624267578125,258.1949748070304,239.16299775865966,255.619092574412,4006600
2024-08-02,235.5468292236328,236.69608341710352,228.93864028726054,233.96164998316354,4567000
2024-08-05,233.22853088378906,239.7376408345186,226.89774567155513,229.87984747639283,3227500
2024-08-06,234.5659942626953,240.76799396212348,232.17833866587924,235.04155709796063,1854900
2024-08-07,227.16522216796875,242.25410057799343,226.18440591727756,241.27326920991243,2678100
2024-08-08,242.96742248535156,243.68075161951447,230.84084232197154,234.5065522452374,2776000
2024-08-09,239.7772674560547,241.64975270993205,236.84469035923075,240.1339320338118,1089200
2024-08-12,237.9344940185547,240.86705588740836,234.8334941988037,240.45094974861382,2299100
2024-08-13,245.7117462158203,246.3061922087253,238.8657909941887,239.22245556645376,2323300
2024-08-14,241.3822479248047,246.58359747651983,239.02429795712914,245.49378485682365,1785900
2024-08-15,250.9031982421875,252.39920002340477,245.06777994205987,248.29756492929423,2790100
2024-08-16,252.08216857910156,253.40974749555483,247.72293324272928,249.65487515904553,1523900
2024-08-19,255.84693908691406,256.0252940463603,248.32727751564548,250.22949861643542,1381400
2024-08-20,251.6660614013672,254.99492568642714,250.20968233181662,254.2023209549968,1516400
2024-08-21,251.953369140625,257.3330434051289,248.68394640834268,254.23204351042546,2218600
2024-08-22,243.08631896972656,253.0035536922605,241.94698174100694,252.61716831650958,3142400
2024-08-23,250.2889404296875,251.9137423202264,246.1278487748097,248.85236515401382,2568300
2024-08-26,247.52479553222656,249.69450380339958,245.92971436938078,248.97127275213853,2041900
2024-08-27,250.38800048828125,252.18122518359422,243.7699098870833,245.10739065312967,1653400
2024-08-28,244.6219482421875,251.02207651536852,242.63056475200747,250.03134327404976,1439400
2024-08-29,246.474609375,251.89392130027113,245.18665316493278,247.0096137797828,1666500
2024-08-30,253.98435974121094,255.22277629534332,249.66477731309112,252.4289164102632,2696400
2024-09-03,233.9517364501953,249.90254696307676,232.75294263060817,248.91181376643542,3464100
2024-09-04,236.64654541015625,238.10292450141978,229.92937516438113,231.84148308627462,2492300
2024-09-05,234.5065460205078,237.60754578205908,232.495358828719,233.98145863254655,1976800
2024-09-06,224.59922790527344,234.27869612655857,223.58867574321448,233.98147312390714,3035500
2024-09-09,228.4630889892578,228.92873481696157,224.62894110758262,227.96772237403167,2549300
2024-09-10,223.1032257080078,226.79865654272075,219.4870402309587,225.2729339707593,2910900
2024-09-11,228.73057556152344,229.18631949815583,218.06038957811734,222.2809076880732,3876600
2024-09-12,224.0376739501953,228.11760569534692,221.28123211082138,226.89361706135386,2532900
2024-09-13,228.80421447753906,230.74467907747723,225.92836503965611,226.99313341743056,3017600
2024-09-16,228.8838348388672,229.3714411996602,224.22675603258605,225.88857766734432,1866400
2024-09-17,231.43130493164062,233.53095943531878,228.38627445852725,231.2123808744087,1920500
2024-09-18,230.37648010253906,237.47157520422272,229.82918514832593,232.22737381671396,2161100
2024-09-19,237.5511932373047,241.30273901835912,234.69525003528196,237.47158310689656,3657000
2024-09-20,230.74468994140625,233.02347111981643,227.42103147992722,232.2671976458459,6787600
2024-09-23,230.7247772216797,232.85429883442623,229.80928350989032,231.8094367643789,1470400
2024-09-24,232.6055145263672,237.99897532987302,229.54059298345967,233.45135883464013,1913900
2024-09-25,232.82444763183594,233.98871730740854,230.04809940355693,230.39639182264327,1621500
2024-09-26,241.053955078125,242.92473993653053,233.79963971956488,241.44204496097245,2067700
2024-09-27,243.73077392578125,245.77073981520394,241.5017510631827,243.9795498834162,2444000
2024-09-30,238.83486938476562,239.02394154556998,235.06343247722097,236.22770215871756,2898300
2024-10-01,231.0830078125,238.6557484087059,229.27191159119934,237.6407382716684,2440700
2024-10-02,234.2076416015625,237.32232149578343,229.69982239776525,231.46116045522075,1404500
2024-10-03,232.0980224609375,233.75984403269592,229.79931986212588,231.61041611862967,1748100
2024-10-04,233.09312438964844,238.5363435027307,230.3764800270361,238.38706881920206,1599700
2024-10-07,232.87420654296875,235.92916745775358,231.0631102529423,235.81970542721265,1806100
2024-10-08,233.80960083007812,235.02361352425035,231.25217671773663,232.87420080741748,1469500
2024-10-09,237.1431884765625,237.70044418528013,231.85918963157877,232.098020014206,1423700
2024-10-10,235.013671875,235.31220606356732,231.36164260733082,232.923962923188,1191500
2024-10-11,236.93423461914062,239.5712537687157,232.2074912945242,232.4264153579697,1148200
2024-10-14,242.24807739257812,242.54661157665385,236.68545065948197,239.05378743590282,1965200
2024-10-15,231.70993041992188,243.37254839796591,229.01319238836464,241.45199013081097,3611900
2024-10-16,231.59051513671875,236.67549642587636,231.36164550238777,235.27239635090854,1368700
2024-10-17,231.14271545410156,237.7104067783544,230.96360405380636,237.27255866552696,2062100
2024-10-18,232.30699157714844,235.51122720034328,231.3019421513199,235.0833398316701,1187600
2024-10-21,229.0231475830078,231.3118895005984,226.21696259012748,229.92869574088476,1585200
2024-10-22,230.38644409179688,231.35169602631007,226.5254363537441,228.29671996501833,2173600
2024-10-23,235.16294860839844,238.71546144944298,231.87910287373157,235.07337772219282,2957300
2024-10-24,237.8895263671875,240.73552401445025,234.40666285682087,237.51138204144212,1593000
2024-10-25,241.96945190429688,244.87515327730335,238.90453027368142,239.44187966301243,2140500
2024-10-28,248.47743225097656,249.8705867735307,236.96408841950648,238.24776572538053,2812000
2024-10-29,254.32864379882812,255.36354512180756,247.84056244544553,249.34317897671957,2134400
2024-10-30,244.11888122558594,252.17921321611465,243.8004407085472,248.24855608640502,2401900
2024-10-31,233.3518524169922,243.2829845710856,230.16752313937582,243.2829845710856,3540600
2024-11-01,237.42181396484375,238.99407980395935,232.9538075836372,233.35184303330328,2224100
2024-11-04,235.74009704589844,238.03879970430813,234.41662228146834,236.15805402675824,2935900
2024-11-05,223.55006408691406,223.73913623962736,215.86786148496577,219.42038936301057,5961100
2024-11-06,230.24713134765625,232.68513271872968,225.00292985955195,227.01304386780302,3598000
2024-11-07,234.9639129638672,237.68055736945277,230.7446824158448,236.59588264800556,3129400
2024-11-08,232.74484252929688,233.84940842753056,226.853829466744,231.98856905767238,2743100
2024-11-11,225.92837524414062,230.28693503976262,222.61469272958635,229.84908690890452,2715100
2024-11-12,223.68939208984375,225.87863274947864,220.7637994688481,224.20685035340108,2528800
2024-11-13,221.8683624267578,224.33621573822896,220.35580031401363,220.48516867420616,3144700
2024-11-14,222.86346435546875,224.22675176756712,220.28613385067763,222.78385422558335,2250100
2024-11-15,215.97732543945312,222.86345720484084,215.529531759285,220.74388121887802,2792700
2024-11-18,219.11192321777344,219.34079285596857,214.98223305336506,216.1365571849163,2473000
2024-11-19,218.83328247070312,219.5099457730506,216.18630269229396,217.47994068192907,1503400
2024-11-20,219.26116943359375,219.39053778755266,215.0021263496323,216.1365440835084,2143600
2024-11-21,223.47047424316406,225.18203886027518,218.70391839754262,221.02251214199356,1769300
2024-11-22,225.2716064453125,225.9184178512778,222.61468108198056,225.8885659515612,1584000
2024-11-25,232.7050323486328,234.27728300851402,226.71450315300038,228.81417280222908,2784900
2024-11-26,227.5404510498047,237.59099087138173,225.6397990432327,236.19785154849535,2476600
2024-11-27,225.42086791992188,228.84402750217197,221.7688387098119,226.97322745510985,1520700
2024-11-29,228.24696350097656,231.03325729686156,225.60994439191808,226.744362165033,1606600
2024-12-02,232.46620178222656,234.91416383709307,227.0627801953984,227.88871818021698,2796400
2024-12-03,227.24191284179688,231.6502155516807,226.97323055424437,229.58041293255482,2572800
2024-12-04,222.56492614746094,230.7247745124465,221.45039953326037,230.13766689722763,2352000
2024-12-05,215.92758178710938,221.93800213490792,215.35041975364567,221.38074642924067,2297000
2024-12-06,217.5894012451172,219.11190884923946,216.5445392149739,217.3008126391139,2302300
2024-12-09,222.51516723632812,224.88351920214706,216.13654806470547,216.88287593453117,2149900
2024-12-10,216.87294006347656,223.38091269846976,215.98729822569763,223.16198863213518,1716000
2024-12-11,218.7636260986328,220.83344392265582,216.6938082746098,219.0223628166855,2482700
2024-12-12,216.66395568847656,218.54470134615096,214.37521381060958,217.50980002945337,1771000
2024-12-13,215.77830505371094,217.2411088592226,213.99707592687864,215.06182910064075,2855600
2024-12-16,217.1117401123047,219.56964771661592,213.73833883274764,216.04698694047278,2884800
2024-12-17,217.94764709472656,222.08726752554858,216.5445470373939,219.26117626663827,3592400
2024-12-18,209.2603759765625,222.26639021405876,208.26527215489926,218.00734707206655,3610400
2024-12-19,206.2551727294922,212.41486779598117,205.95663854710108,211.0217133395157,2734400
2024-12-20,209.21063232421875,212.42481340729975,203.71765499307284,204.6331486842506,6139300
2024-12-23,213.04177856445312,213.78810644831728,209.4693594045359,209.4693594045359,1737600
2024-12-24,214.34536743164062,214.35532818814755,211.27050011885007,213.8677218257897,790900
2024-12-26,213.98712158203125,216.3156760913117,211.95711644356672,211.95711644356672,885700
2024-12-27,212.71339416503906,213.89757017963993,210.63363075631105,212.28550679657914,1162100
2024-12-30,206.45419311523438,210.91225402836307,205.77751461416122,210.51421856943495,1817900
2024-12-31,206.83233642578125,208.46430609398953,205.32971992985284,207.71797822406356,1154500
2025-01-02,205.2003631591797,210.56397208296156,204.22515049370725,208.5837100365486,1424300
2025-01-03,207.83738708496094,209.11111877596724,203.9962856837477,206.28502753555196,2308100
2025-01-06,212.3651123046875,214.8528718832043,208.98175016745697,208.98175016745697,1972700
2025-01-07,211.53916931152344,217.86803013731165,210.20573385307827,212.83280729864626,2312200
2025-01-08,208.69317626953125,212.27555612819685,206.32482429718678,211.1013257140478,2302600
2025-01-10,205.7377166748047,210.28534846233504,205.3695331169281,208.60362056163484,2511100
2025-01-13,205.81732177734375,206.1954660820886,201.2597445290827,202.12547998038903,1629700
2025-01-14,209.59872436523438,209.61861550927756,205.71781032161155,207.55875847892898,1513400
2025-01-15,212.51437377929688,215.59920175893697,212.44472440617292,214.20604727158226,3143400
2025-01-16,209.7280731201172,214.36526050984824,208.7528756397621,214.1960946845678,1632400
2025-01-17,214.30555725097656,216.39528132679797,212.92236356165222,215.35041928888728,1921200
2025-01-21,213.82791137695312,215.68875064122702,212.28549743589787,213.94731897515024,3237900
2025-01-22,215.031982421875,218.56460404601324,212.96216463876277,214.13639505083347,2367500
2025-01-23,218.80343627929688,218.83328817964517,211.64863727028887,212.57407654924452,2250800
2025-01-24,212.385009765625,216.39529229482275,210.53413116087515,215.39022767739803,2777200
2025-01-27,214.0269317626953,218.6641192153327,211.3401544813057,213.95726720682822,4526800
2025-01-28,212.385009765625,214.65386053806657,207.28013728385125,212.95222625475537,2446500
2025-01-29,211.96705627441406,214.68370059764658,210.7032853731842,212.18598032648583,1739300
2025-01-30,210.35499572753906,211.7182831009002,205.7974184136389,210.60377168233222,3303700
2025-01-31,207.52891540527344,214.79317670288896,207.29008500988243,210.9620207245887,3020100
2025-02-03,203.72760009765625,206.06610014003027,197.23953414670396,202.00607474667748,4743100
2025-02-04,201.4090118408203,208.97180712467863,197.89629648816518,206.8223791786457,3676500
2025-02-05,212.19595336914062,213.08159520050165,200.5930386738102,200.77215008092415,4450700
2025-02-06,215.7584228515625,219.53980531337626,213.6089949032762,215.43998233296617,2928700
2025-02-07,211.887451171875,216.79332094806853,210.23559035445612,214.41502340242388,2216400
2025-02-10,209.0215606689453,214.0169861026503,207.73786823658003,213.15123545307762,2412300
2025-02-11,209.9370574951172,212.59398291514097,206.62335989915601,207.30003840335564,1273200
2025-02-12,218.7138671875,220.40555586953073,211.58893520449948,215.34046576376898,3202400
2025-02-13,218.5148468017578,220.19657470711397,215.57929353448193,218.13671767081155,2761400
2025-02-14,223.04257202148438,225.33131386907186,218.18646046842005,219.71892887089075,3085400
2025-02-18,227.73947143554688,232.94386040445104,225.60994976915183,225.6795991440672,4327300
2025-02-19,244.3776092529297,245.59163718426828,228.4260954944646,229.3913474592843,5345900
2025-02-20,244.65623474121094,254.1992770798822,242.88495109155008,253.75148338131936,4342700
2025-02-21,235.36196899414062,246.78575704449676,235.06343479960955,245.99963167684209,5304500
2025-02-24,232.00845336914062,237.46163332482348,231.72982550969166,235.64059148223095,3129800
2025-02-25,227.44093322753906,234.54597409983515,226.9035838302406,233.38170441895534,3033400
2025-02-26,228.25692749023438,229.5704566852503,224.27651206375728,228.39624142279789,2630700
2025-02-27,215.80816650390625,228.1773152215014,215.400185466416,227.530488610312,3573700
2025-02-28,214.53443908691406,220.06721415913054,212.58404401027371,217.26102914932923,4231700
2025-03-03,215.46983337402344,221.69917794943757,212.4347636236081,218.9228449153695,4651800
2025-03-04,210.12612915039062,217.04209775720122,209.68828103414717,215.4499255497849,4111300
2025-03-05,215.7086639404297,216.49478929409915,207.64831675188347,212.2855042967417,2621100
2025-03-06,213.419921875,218.3755347488746,209.63852424449246,211.74813952733072,3465300
2025-03-07,221.47030639648438,222.70424061429938,211.45956427710115,213.0517364817605,4301500
2025-03-10,207.81747436523438,217.00229339021948,205.9267832150684,216.40522503538864,3747700
2025-03-11,204.79237365722656,208.7329763672461,198.9013607364938,208.07621937162924,3198200
2025-03-12,203.448974609375,208.95189756380216,202.6329973660898,207.05126079211422,2288300
2025-03-13,200.03578186035156,206.98160254020652,199.0804754753247,203.070851665185,1792700
2025-03-14,205.15060424804688,205.94669032950324,202.48371815277994,203.79726246479478,2771400
2025-03-17,208.80264282226562,211.0814239594586,203.8569754693756,203.8569754693756,2207500
2025-03-18,206.0860137939453,207.96675946659852,204.264971922951,206.43429103164863,1862500
2025-03-19,207.3800048828125,211.36000061035156,206.02999877929688,206.17999267578125,1640500
2025-03-20,202.63999938964844,205.66000366210938,201.52999877929688,204.05999755859375,1455400
2025-03-21,200.63999938964844,201.3800048828125,196.9499969482422,200.17999267578125,3352000
2025-03-24,211.1199951171875,212.4199981689453,205.60000610351562,206.32000732421875,2743000
2025-03-25,211.3300018310547,216.6300048828125,210.75,213.91000366210938,1662300
2025-03-26,205.75,212.61000061035156,202.8699951171875,211.0399932861328,3637900
2025-03-27,200.05999755859375,203.8699951171875,198.72000122070312,203.2899932861328,2877400
2025-03-28,189.99000549316406,199.0800018310547,188.85000610351562,198.27000427246094,4260261
